/*--------------------------------*- C++ -*----------------------------------*\
  =========                 |
  \\      /  F ield         | OpenFOAM: The Open Source CFD Toolbox
   \\    /   O peration     | Website:  https://openfoam.org
    \\  /    A nd           | Version:  11
     \\/     M anipulation  |
\*---------------------------------------------------------------------------*/
FoamFile
{
    format      ascii;
    class       vectorField;
    location    "constant/polyMesh";
    object      points;
}
// * * * * * * * * * * * * * * * * * * * * * * * * * * * * * * * * * * * * * //


4282
(
(0 0 -0.005)
(0.02 0 -0.005)
(0.04 0 -0.005)
(0.06 0 -0.005)
(0.08 0 -0.005)
(0.1 0 -0.005)
(0.12 0 -0.005)
(0.14 0 -0.005)
(0.16 0 -0.005)
(0.18 0 -0.005)
(0.2 0 -0.005)
(0.22 0 -0.005)
(0.24 0 -0.005)
(0.26 0 -0.005)
(0.28 0 -0.005)
(0.3 0 -0.005)
(0.32 0 -0.005)
(0.34 0 -0.005)
(0.36 0 -0.005)
(0.38 0 -0.005)
(0.4 0 -0.005)
(0.42 0 -0.005)
(0.44 0 -0.005)
(0.46 0 -0.005)
(0.48 0 -0.005)
(0.5 0 -0.005)
(0 0.022 -0.005)
(0.02 0.022 -0.005)
(0.04 0.022 -0.005)
(0.06 0.022 -0.005)
(0.08 0.022 -0.005)
(0.1 0.022 -0.005)
(0.12 0.022 -0.005)
(0.14 0.022 -0.005)
(0.16 0.022 -0.005)
(0.18 0.022 -0.005)
(0.2 0.022 -0.005)
(0.22 0.022 -0.005)
(0.24 0.022 -0.005)
(0.26 0.022 -0.005)
(0.28 0.022 -0.005)
(0.3 0.022 -0.005)
(0.32 0.022 -0.005)
(0.34 0.022 -0.005)
(0.36 0.022 -0.005)
(0.38 0.022 -0.005)
(0.4 0.022 -0.005)
(0.42 0.022 -0.005)
(0.44 0.022 -0.005)
(0.46 0.022 -0.005)
(0.48 0.022 -0.005)
(0.5 0.022 -0.005)
(0 0.044 -0.005)
(0.02 0.044 -0.005)
(0.04 0.044 -0.005)
(0.06 0.044 -0.005)
(0.08 0.044 -0.005)
(0.1 0.044 -0.005)
(0.12 0.044 -0.005)
(0.14 0.044 -0.005)
(0.16 0.044 -0.005)
(0.18 0.044 -0.005)
(0.2 0.044 -0.005)
(0.22 0.044 -0.005)
(0.24 0.044 -0.005)
(0.26 0.044 -0.005)
(0.28 0.044 -0.005)
(0.3 0.044 -0.005)
(0.32 0.044 -0.005)
(0.34 0.044 -0.005)
(0.36 0.044 -0.005)
(0.38 0.044 -0.005)
(0.4 0.044 -0.005)
(0.42 0.044 -0.005)
(0.44 0.044 -0.005)
(0.46 0.044 -0.005)
(0.48 0.044 -0.005)
(0.5 0.044 -0.005)
(0 0.066 -0.005)
(0.02 0.066 -0.005)
(0.04 0.066 -0.005)
(0.06 0.066 -0.005)
(0.08 0.066 -0.005)
(0.1 0.066 -0.005)
(0.12 0.066 -0.005)
(0.14 0.066 -0.005)
(0.16 0.066 -0.005)
(0.18 0.066 -0.005)
(0.2 0.066 -0.005)
(0.22 0.066 -0.005)
(0.24 0.066 -0.005)
(0.26 0.066 -0.005)
(0.28 0.066 -0.005)
(0.3 0.066 -0.005)
(0.32 0.066 -0.005)
(0.34 0.066 -0.005)
(0.36 0.066 -0.005)
(0.38 0.066 -0.005)
(0.4 0.066 -0.005)
(0.42 0.066 -0.005)
(0.44 0.066 -0.005)
(0.46 0.066 -0.005)
(0.48 0.066 -0.005)
(0.5 0.066 -0.005)
(0 0.088 -0.005)
(0.02 0.088 -0.005)
(0.04 0.088 -0.005)
(0.06 0.088 -0.005)
(0.08 0.088 -0.005)
(0.1 0.088 -0.005)
(0.12 0.088 -0.005)
(0.14 0.088 -0.005)
(0.16 0.088 -0.005)
(0.18 0.088 -0.005)
(0.2 0.088 -0.005)
(0.22 0.088 -0.005)
(0.24 0.088 -0.005)
(0.26 0.088 -0.005)
(0.28 0.088 -0.005)
(0.3 0.088 -0.005)
(0.32 0.088 -0.005)
(0.34 0.088 -0.005)
(0.36 0.088 -0.005)
(0.38 0.088 -0.005)
(0.4 0.088 -0.005)
(0.42 0.088 -0.005)
(0.44 0.088 -0.005)
(0.46 0.088 -0.005)
(0.48 0.088 -0.005)
(0.5 0.088 -0.005)
(0 0.11 -0.005)
(0.02 0.11 -0.005)
(0.04 0.11 -0.005)
(0.06 0.11 -0.005)
(0.08 0.11 -0.005)
(0.1 0.11 -0.005)
(0.12 0.11 -0.005)
(0.14 0.11 -0.005)
(0.16 0.11 -0.005)
(0.18 0.11 -0.005)
(0.2 0.11 -0.005)
(0.22 0.11 -0.005)
(0.24 0.11 -0.005)
(0.26 0.11 -0.005)
(0.28 0.11 -0.005)
(0.3 0.11 -0.005)
(0.32 0.11 -0.005)
(0.34 0.11 -0.005)
(0.36 0.11 -0.005)
(0.38 0.11 -0.005)
(0.4 0.11 -0.005)
(0.42 0.11 -0.005)
(0.44 0.11 -0.005)
(0.46 0.11 -0.005)
(0.48 0.11 -0.005)
(0.5 0.11 -0.005)
(0 0.132 -0.005)
(0.02 0.132 -0.005)
(0.04 0.132 -0.005)
(0.06 0.132 -0.005)
(0.08 0.132 -0.005)
(0.1 0.132 -0.005)
(0.12 0.132 -0.005)
(0.14 0.132 -0.005)
(0.16 0.132 -0.005)
(0.18 0.132 -0.005)
(0.2 0.132 -0.005)
(0.22 0.132 -0.005)
(0.24 0.132 -0.005)
(0.26 0.132 -0.005)
(0.28 0.132 -0.005)
(0.3 0.132 -0.005)
(0.32 0.132 -0.005)
(0.34 0.132 -0.005)
(0.36 0.132 -0.005)
(0.38 0.132 -0.005)
(0.4 0.132 -0.005)
(0.42 0.132 -0.005)
(0.44 0.132 -0.005)
(0.46 0.132 -0.005)
(0.48 0.132 -0.005)
(0.5 0.132 -0.005)
(0 0.154 -0.005)
(0.02 0.154 -0.005)
(0.04 0.154 -0.005)
(0.06 0.154 -0.005)
(0.08 0.154 -0.005)
(0.1 0.154 -0.005)
(0.12 0.154 -0.005)
(0.14 0.154 -0.005)
(0.16 0.154 -0.005)
(0.18 0.154 -0.005)
(0.2 0.154 -0.005)
(0.22 0.154 -0.005)
(0.24 0.154 -0.005)
(0.26 0.154 -0.005)
(0.28 0.154 -0.005)
(0.3 0.154 -0.005)
(0.32 0.154 -0.005)
(0.34 0.154 -0.005)
(0.36 0.154 -0.005)
(0.38 0.154 -0.005)
(0.4 0.154 -0.005)
(0.42 0.154 -0.005)
(0.44 0.154 -0.005)
(0.46 0.154 -0.005)
(0.48 0.154 -0.005)
(0.5 0.154 -0.005)
(0 0.176 -0.005)
(0.02 0.176 -0.005)
(0.04 0.176 -0.005)
(0.06 0.176 -0.005)
(0.08 0.176 -0.005)
(0.1 0.176 -0.005)
(0.12 0.176 -0.005)
(0.14 0.176 -0.005)
(0.16 0.176 -0.005)
(0.18 0.176 -0.005)
(0.2 0.176 -0.005)
(0.22 0.176 -0.005)
(0.24 0.176 -0.005)
(0.26 0.176 -0.005)
(0.28 0.176 -0.005)
(0.3 0.176 -0.005)
(0.32 0.176 -0.005)
(0.34 0.176 -0.005)
(0.36 0.176 -0.005)
(0.38 0.176 -0.005)
(0.4 0.176 -0.005)
(0.42 0.176 -0.005)
(0.44 0.176 -0.005)
(0.46 0.176 -0.005)
(0.48 0.176 -0.005)
(0.5 0.176 -0.005)
(0 0.198 -0.005)
(0.02 0.198 -0.005)
(0.04 0.198 -0.005)
(0.06 0.198 -0.005)
(0.08 0.198 -0.005)
(0.1 0.198 -0.005)
(0.12 0.198 -0.005)
(0.14 0.198 -0.005)
(0.16 0.198 -0.005)
(0.18 0.198 -0.005)
(0.2 0.198 -0.005)
(0.22 0.198 -0.005)
(0.24 0.198 -0.005)
(0.26 0.198 -0.005)
(0.28 0.198 -0.005)
(0.3 0.198 -0.005)
(0.32 0.198 -0.005)
(0.34 0.198 -0.005)
(0.36 0.198 -0.005)
(0.38 0.198 -0.005)
(0.4 0.198 -0.005)
(0.42 0.198 -0.005)
(0.44 0.198 -0.005)
(0.46 0.198 -0.005)
(0.48 0.198 -0.005)
(0.5 0.198 -0.005)
(0 0.22 -0.005)
(0.02 0.22 -0.005)
(0.04 0.22 -0.005)
(0.06 0.22 -0.005)
(0.08 0.22 -0.005)
(0.1 0.22 -0.005)
(0.12 0.22 -0.005)
(0.14 0.22 -0.005)
(0.16 0.22 -0.005)
(0.18 0.22 -0.005)
(0.2 0.22 -0.005)
(0.22 0.22 -0.005)
(0.24 0.22 -0.005)
(0.26 0.22 -0.005)
(0.28 0.22 -0.005)
(0.3 0.22 -0.005)
(0.32 0.22 -0.005)
(0.34 0.22 -0.005)
(0.36 0.22 -0.005)
(0.38 0.22 -0.005)
(0.4 0.22 -0.005)
(0.42 0.22 -0.005)
(0.44 0.22 -0.005)
(0.46 0.22 -0.005)
(0.48 0.22 -0.005)
(0.5 0.22 -0.005)
(0 0 0)
(0.02 0 0)
(0.04 0 0)
(0.06 0 0)
(0.08 0 0)
(0.1 0 0)
(0.12 0 0)
(0.14 0 0)
(0.16 0 0)
(0.18 0 0)
(0.2 0 0)
(0.22 0 0)
(0.24 0 0)
(0.26 0 0)
(0.28 0 0)
(0.3 0 0)
(0.32 0 0)
(0.34 0 0)
(0.36 0 0)
(0.38 0 0)
(0.4 0 0)
(0.42 0 0)
(0.44 0 0)
(0.46 0 0)
(0.48 0 0)
(0.5 0 0)
(0 0.022 0)
(0.02 0.022 0)
(0.04 0.022 0)
(0.06 0.022 0)
(0.08 0.022 0)
(0.1 0.022 0)
(0.12 0.022 0)
(0.14 0.022 0)
(0.16 0.022 0)
(0.18 0.022 0)
(0.2 0.022 0)
(0.22 0.022 0)
(0.24 0.022 0)
(0.26 0.022 0)
(0.28 0.022 0)
(0.3 0.022 0)
(0.32 0.022 0)
(0.34 0.022 0)
(0.36 0.022 0)
(0.38 0.022 0)
(0.4 0.022 0)
(0.42 0.022 0)
(0.44 0.022 0)
(0.46 0.022 0)
(0.48 0.022 0)
(0.5 0.022 0)
(0 0.044 0)
(0.02 0.044 0)
(0.04 0.044 0)
(0.06 0.044 0)
(0.08 0.044 0)
(0.1 0.044 0)
(0.12 0.044 0)
(0.14 0.044 0)
(0.16 0.044 0)
(0.18 0.044 0)
(0.2 0.044 0)
(0.22 0.044 0)
(0.24 0.044 0)
(0.26 0.044 0)
(0.28 0.044 0)
(0.3 0.044 0)
(0.32 0.044 0)
(0.34 0.044 0)
(0.36 0.044 0)
(0.38 0.044 0)
(0.4 0.044 0)
(0.42 0.044 0)
(0.44 0.044 0)
(0.46 0.044 0)
(0.48 0.044 0)
(0.5 0.044 0)
(0 0.066 0)
(0.02 0.066 0)
(0.04 0.066 0)
(0.06 0.066 0)
(0.08 0.066 0)
(0.1 0.066 0)
(0.12 0.066 0)
(0.14 0.066 0)
(0.16 0.066 0)
(0.18 0.066 0)
(0.2 0.066 0)
(0.22 0.066 0)
(0.24 0.066 0)
(0.26 0.066 0)
(0.28 0.066 0)
(0.3 0.066 0)
(0.32 0.066 0)
(0.34 0.066 0)
(0.36 0.066 0)
(0.38 0.066 0)
(0.4 0.066 0)
(0.42 0.066 0)
(0.44 0.066 0)
(0.46 0.066 0)
(0.48 0.066 0)
(0.5 0.066 0)
(0 0.088 0)
(0.02 0.088 0)
(0.04 0.088 0)
(0.06 0.088 0)
(0.08 0.088 0)
(0.1 0.088 0)
(0.12 0.088 0)
(0.14 0.088 0)
(0.16 0.088 0)
(0.18 0.088 0)
(0.2 0.088 0)
(0.22 0.088 0)
(0.24 0.088 0)
(0.26 0.088 0)
(0.28 0.088 0)
(0.3 0.088 0)
(0.32 0.088 0)
(0.34 0.088 0)
(0.36 0.088 0)
(0.38 0.088 0)
(0.4 0.088 0)
(0.42 0.088 0)
(0.44 0.088 0)
(0.46 0.088 0)
(0.48 0.088 0)
(0.5 0.088 0)
(0 0.11 0)
(0.02 0.11 0)
(0.04 0.11 0)
(0.06 0.11 0)
(0.08 0.11 0)
(0.1 0.11 0)
(0.12 0.11 0)
(0.14 0.11 0)
(0.16 0.11 0)
(0.18 0.11 0)
(0.2 0.11 0)
(0.22 0.11 0)
(0.24 0.11 0)
(0.26 0.11 0)
(0.28 0.11 0)
(0.3 0.11 0)
(0.32 0.11 0)
(0.34 0.11 0)
(0.36 0.11 0)
(0.38 0.11 0)
(0.4 0.11 0)
(0.42 0.11 0)
(0.44 0.11 0)
(0.46 0.11 0)
(0.48 0.11 0)
(0.5 0.11 0)
(0 0.132 0)
(0.02 0.132 0)
(0.04 0.132 0)
(0.06 0.132 0)
(0.08 0.132 0)
(0.1 0.132 0)
(0.12 0.132 0)
(0.14 0.132 0)
(0.16 0.132 0)
(0.18 0.132 0)
(0.2 0.132 0)
(0.22 0.132 0)
(0.24 0.132 0)
(0.26 0.132 0)
(0.28 0.132 0)
(0.3 0.132 0)
(0.32 0.132 0)
(0.34 0.132 0)
(0.36 0.132 0)
(0.38 0.132 0)
(0.4 0.132 0)
(0.42 0.132 0)
(0.44 0.132 0)
(0.46 0.132 0)
(0.48 0.132 0)
(0.5 0.132 0)
(0 0.154 0)
(0.02 0.154 0)
(0.04 0.154 0)
(0.06 0.154 0)
(0.08 0.154 0)
(0.1 0.154 0)
(0.12 0.154 0)
(0.14 0.154 0)
(0.16 0.154 0)
(0.18 0.154 0)
(0.2 0.154 0)
(0.22 0.154 0)
(0.24 0.154 0)
(0.26 0.154 0)
(0.28 0.154 0)
(0.3 0.154 0)
(0.32 0.154 0)
(0.34 0.154 0)
(0.36 0.154 0)
(0.38 0.154 0)
(0.4 0.154 0)
(0.42 0.154 0)
(0.44 0.154 0)
(0.46 0.154 0)
(0.48 0.154 0)
(0.5 0.154 0)
(0 0.176 0)
(0.02 0.176 0)
(0.04 0.176 0)
(0.06 0.176 0)
(0.08 0.176 0)
(0.1 0.176 0)
(0.12 0.176 0)
(0.14 0.176 0)
(0.16 0.176 0)
(0.18 0.176 0)
(0.2 0.176 0)
(0.22 0.176 0)
(0.24 0.176 0)
(0.26 0.176 0)
(0.28 0.176 0)
(0.3 0.176 0)
(0.32 0.176 0)
(0.34 0.176 0)
(0.36 0.176 0)
(0.38 0.176 0)
(0.4 0.176 0)
(0.42 0.176 0)
(0.44 0.176 0)
(0.46 0.176 0)
(0.48 0.176 0)
(0.5 0.176 0)
(0 0.198 0)
(0.02 0.198 0)
(0.04 0.198 0)
(0.06 0.198 0)
(0.08 0.198 0)
(0.1 0.198 0)
(0.12 0.198 0)
(0.14 0.198 0)
(0.16 0.198 0)
(0.18 0.198 0)
(0.2 0.198 0)
(0.22 0.198 0)
(0.24 0.198 0)
(0.26 0.198 0)
(0.28 0.198 0)
(0.3 0.198 0)
(0.32 0.198 0)
(0.34 0.198 0)
(0.36 0.198 0)
(0.38 0.198 0)
(0.4 0.198 0)
(0.42 0.198 0)
(0.44 0.198 0)
(0.46 0.198 0)
(0.48 0.198 0)
(0.5 0.198 0)
(0 0.22 0)
(0.02 0.22 0)
(0.04 0.22 0)
(0.06 0.22 0)
(0.08 0.22 0)
(0.1 0.22 0)
(0.12 0.22 0)
(0.14 0.22 0)
(0.16 0.22 0)
(0.18 0.22 0)
(0.2 0.22 0)
(0.22 0.22 0)
(0.24 0.22 0)
(0.26 0.22 0)
(0.28 0.22 0)
(0.3 0.22 0)
(0.32 0.22 0)
(0.34 0.22 0)
(0.36 0.22 0)
(0.38 0.22 0)
(0.4 0.22 0)
(0.42 0.22 0)
(0.44 0.22 0)
(0.46 0.22 0)
(0.48 0.22 0)
(0.5 0.22 0)
(0 0.278 -0.005)
(0.02 0.278 -0.005)
(0.04 0.278 -0.005)
(0.06 0.278 -0.005)
(0.08 0.278 -0.005)
(0.1 0.278 -0.005)
(0.12 0.278 -0.005)
(0.14 0.278 -0.005)
(0.16 0.278 -0.005)
(0.18 0.278 -0.005)
(0.2 0.278 -0.005)
(0.22 0.278 -0.005)
(0.24 0.278 -0.005)
(0.26 0.278 -0.005)
(0.28 0.278 -0.005)
(0.3 0.278 -0.005)
(0.32 0.278 -0.005)
(0.34 0.278 -0.005)
(0.36 0.278 -0.005)
(0.38 0.278 -0.005)
(0.4 0.278 -0.005)
(0.42 0.278 -0.005)
(0.44 0.278 -0.005)
(0.46 0.278 -0.005)
(0.48 0.278 -0.005)
(0.5 0.278 -0.005)
(0 0.336 -0.005)
(0.02 0.336 -0.005)
(0.04 0.336 -0.005)
(0.06 0.336 -0.005)
(0.08 0.336 -0.005)
(0.1 0.336 -0.005)
(0.12 0.336 -0.005)
(0.14 0.336 -0.005)
(0.16 0.336 -0.005)
(0.18 0.336 -0.005)
(0.2 0.336 -0.005)
(0.22 0.336 -0.005)
(0.24 0.336 -0.005)
(0.26 0.336 -0.005)
(0.28 0.336 -0.005)
(0.3 0.336 -0.005)
(0.32 0.336 -0.005)
(0.34 0.336 -0.005)
(0.36 0.336 -0.005)
(0.38 0.336 -0.005)
(0.4 0.336 -0.005)
(0.42 0.336 -0.005)
(0.44 0.336 -0.005)
(0.46 0.336 -0.005)
(0.48 0.336 -0.005)
(0.5 0.336 -0.005)
(0 0.394 -0.005)
(0.02 0.394 -0.005)
(0.04 0.394 -0.005)
(0.06 0.394 -0.005)
(0.08 0.394 -0.005)
(0.1 0.394 -0.005)
(0.12 0.394 -0.005)
(0.14 0.394 -0.005)
(0.16 0.394 -0.005)
(0.18 0.394 -0.005)
(0.2 0.394 -0.005)
(0.22 0.394 -0.005)
(0.24 0.394 -0.005)
(0.26 0.394 -0.005)
(0.28 0.394 -0.005)
(0.3 0.394 -0.005)
(0.32 0.394 -0.005)
(0.34 0.394 -0.005)
(0.36 0.394 -0.005)
(0.38 0.394 -0.005)
(0.4 0.394 -0.005)
(0.42 0.394 -0.005)
(0.44 0.394 -0.005)
(0.46 0.394 -0.005)
(0.48 0.394 -0.005)
(0.5 0.394 -0.005)
(0 0.452 -0.005)
(0.02 0.452 -0.005)
(0.04 0.452 -0.005)
(0.06 0.452 -0.005)
(0.08 0.452 -0.005)
(0.1 0.452 -0.005)
(0.12 0.452 -0.005)
(0.14 0.452 -0.005)
(0.16 0.452 -0.005)
(0.18 0.452 -0.005)
(0.2 0.452 -0.005)
(0.22 0.452 -0.005)
(0.24 0.452 -0.005)
(0.26 0.452 -0.005)
(0.28 0.452 -0.005)
(0.3 0.452 -0.005)
(0.32 0.452 -0.005)
(0.34 0.452 -0.005)
(0.36 0.452 -0.005)
(0.38 0.452 -0.005)
(0.4 0.452 -0.005)
(0.42 0.452 -0.005)
(0.44 0.452 -0.005)
(0.46 0.452 -0.005)
(0.48 0.452 -0.005)
(0.5 0.452 -0.005)
(0 0.51 -0.005)
(0.02 0.51 -0.005)
(0.04 0.51 -0.005)
(0.06 0.51 -0.005)
(0.08 0.51 -0.005)
(0.1 0.51 -0.005)
(0.12 0.51 -0.005)
(0.14 0.51 -0.005)
(0.16 0.51 -0.005)
(0.18 0.51 -0.005)
(0.2 0.51 -0.005)
(0.22 0.51 -0.005)
(0.24 0.51 -0.005)
(0.26 0.51 -0.005)
(0.28 0.51 -0.005)
(0.3 0.51 -0.005)
(0.32 0.51 -0.005)
(0.34 0.51 -0.005)
(0.36 0.51 -0.005)
(0.38 0.51 -0.005)
(0.4 0.51 -0.005)
(0.42 0.51 -0.005)
(0.44 0.51 -0.005)
(0.46 0.51 -0.005)
(0.48 0.51 -0.005)
(0.5 0.51 -0.005)
(0 0.568 -0.005)
(0.02 0.568 -0.005)
(0.04 0.568 -0.005)
(0.06 0.568 -0.005)
(0.08 0.568 -0.005)
(0.1 0.568 -0.005)
(0.12 0.568 -0.005)
(0.14 0.568 -0.005)
(0.16 0.568 -0.005)
(0.18 0.568 -0.005)
(0.2 0.568 -0.005)
(0.22 0.568 -0.005)
(0.24 0.568 -0.005)
(0.26 0.568 -0.005)
(0.28 0.568 -0.005)
(0.3 0.568 -0.005)
(0.32 0.568 -0.005)
(0.34 0.568 -0.005)
(0.36 0.568 -0.005)
(0.38 0.568 -0.005)
(0.4 0.568 -0.005)
(0.42 0.568 -0.005)
(0.44 0.568 -0.005)
(0.46 0.568 -0.005)
(0.48 0.568 -0.005)
(0.5 0.568 -0.005)
(0 0.626 -0.005)
(0.02 0.626 -0.005)
(0.04 0.626 -0.005)
(0.06 0.626 -0.005)
(0.08 0.626 -0.005)
(0.1 0.626 -0.005)
(0.12 0.626 -0.005)
(0.14 0.626 -0.005)
(0.16 0.626 -0.005)
(0.18 0.626 -0.005)
(0.2 0.626 -0.005)
(0.22 0.626 -0.005)
(0.24 0.626 -0.005)
(0.26 0.626 -0.005)
(0.28 0.626 -0.005)
(0.3 0.626 -0.005)
(0.32 0.626 -0.005)
(0.34 0.626 -0.005)
(0.36 0.626 -0.005)
(0.38 0.626 -0.005)
(0.4 0.626 -0.005)
(0.42 0.626 -0.005)
(0.44 0.626 -0.005)
(0.46 0.626 -0.005)
(0.48 0.626 -0.005)
(0.5 0.626 -0.005)
(0 0.684 -0.005)
(0.02 0.684 -0.005)
(0.04 0.684 -0.005)
(0.06 0.684 -0.005)
(0.08 0.684 -0.005)
(0.1 0.684 -0.005)
(0.12 0.684 -0.005)
(0.14 0.684 -0.005)
(0.16 0.684 -0.005)
(0.18 0.684 -0.005)
(0.2 0.684 -0.005)
(0.22 0.684 -0.005)
(0.24 0.684 -0.005)
(0.26 0.684 -0.005)
(0.28 0.684 -0.005)
(0.3 0.684 -0.005)
(0.32 0.684 -0.005)
(0.34 0.684 -0.005)
(0.36 0.684 -0.005)
(0.38 0.684 -0.005)
(0.4 0.684 -0.005)
(0.42 0.684 -0.005)
(0.44 0.684 -0.005)
(0.46 0.684 -0.005)
(0.48 0.684 -0.005)
(0.5 0.684 -0.005)
(0 0.742 -0.005)
(0.02 0.742 -0.005)
(0.04 0.742 -0.005)
(0.06 0.742 -0.005)
(0.08 0.742 -0.005)
(0.1 0.742 -0.005)
(0.12 0.742 -0.005)
(0.14 0.742 -0.005)
(0.16 0.742 -0.005)
(0.18 0.742 -0.005)
(0.2 0.742 -0.005)
(0.22 0.742 -0.005)
(0.24 0.742 -0.005)
(0.26 0.742 -0.005)
(0.28 0.742 -0.005)
(0.3 0.742 -0.005)
(0.32 0.742 -0.005)
(0.34 0.742 -0.005)
(0.36 0.742 -0.005)
(0.38 0.742 -0.005)
(0.4 0.742 -0.005)
(0.42 0.742 -0.005)
(0.44 0.742 -0.005)
(0.46 0.742 -0.005)
(0.48 0.742 -0.005)
(0.5 0.742 -0.005)
(0 0.8 -0.005)
(0.02 0.8 -0.005)
(0.04 0.8 -0.005)
(0.06 0.8 -0.005)
(0.08 0.8 -0.005)
(0.1 0.8 -0.005)
(0.12 0.8 -0.005)
(0.14 0.8 -0.005)
(0.16 0.8 -0.005)
(0.18 0.8 -0.005)
(0.2 0.8 -0.005)
(0.22 0.8 -0.005)
(0.24 0.8 -0.005)
(0.26 0.8 -0.005)
(0.28 0.8 -0.005)
(0.3 0.8 -0.005)
(0.32 0.8 -0.005)
(0.34 0.8 -0.005)
(0.36 0.8 -0.005)
(0.38 0.8 -0.005)
(0.4 0.8 -0.005)
(0.42 0.8 -0.005)
(0.44 0.8 -0.005)
(0.46 0.8 -0.005)
(0.48 0.8 -0.005)
(0.5 0.8 -0.005)
(0 0.278 0)
(0.02 0.278 0)
(0.04 0.278 0)
(0.06 0.278 0)
(0.08 0.278 0)
(0.1 0.278 0)
(0.12 0.278 0)
(0.14 0.278 0)
(0.16 0.278 0)
(0.18 0.278 0)
(0.2 0.278 0)
(0.22 0.278 0)
(0.24 0.278 0)
(0.26 0.278 0)
(0.28 0.278 0)
(0.3 0.278 0)
(0.32 0.278 0)
(0.34 0.278 0)
(0.36 0.278 0)
(0.38 0.278 0)
(0.4 0.278 0)
(0.42 0.278 0)
(0.44 0.278 0)
(0.46 0.278 0)
(0.48 0.278 0)
(0.5 0.278 0)
(0 0.336 0)
(0.02 0.336 0)
(0.04 0.336 0)
(0.06 0.336 0)
(0.08 0.336 0)
(0.1 0.336 0)
(0.12 0.336 0)
(0.14 0.336 0)
(0.16 0.336 0)
(0.18 0.336 0)
(0.2 0.336 0)
(0.22 0.336 0)
(0.24 0.336 0)
(0.26 0.336 0)
(0.28 0.336 0)
(0.3 0.336 0)
(0.32 0.336 0)
(0.34 0.336 0)
(0.36 0.336 0)
(0.38 0.336 0)
(0.4 0.336 0)
(0.42 0.336 0)
(0.44 0.336 0)
(0.46 0.336 0)
(0.48 0.336 0)
(0.5 0.336 0)
(0 0.394 0)
(0.02 0.394 0)
(0.04 0.394 0)
(0.06 0.394 0)
(0.08 0.394 0)
(0.1 0.394 0)
(0.12 0.394 0)
(0.14 0.394 0)
(0.16 0.394 0)
(0.18 0.394 0)
(0.2 0.394 0)
(0.22 0.394 0)
(0.24 0.394 0)
(0.26 0.394 0)
(0.28 0.394 0)
(0.3 0.394 0)
(0.32 0.394 0)
(0.34 0.394 0)
(0.36 0.394 0)
(0.38 0.394 0)
(0.4 0.394 0)
(0.42 0.394 0)
(0.44 0.394 0)
(0.46 0.394 0)
(0.48 0.394 0)
(0.5 0.394 0)
(0 0.452 0)
(0.02 0.452 0)
(0.04 0.452 0)
(0.06 0.452 0)
(0.08 0.452 0)
(0.1 0.452 0)
(0.12 0.452 0)
(0.14 0.452 0)
(0.16 0.452 0)
(0.18 0.452 0)
(0.2 0.452 0)
(0.22 0.452 0)
(0.24 0.452 0)
(0.26 0.452 0)
(0.28 0.452 0)
(0.3 0.452 0)
(0.32 0.452 0)
(0.34 0.452 0)
(0.36 0.452 0)
(0.38 0.452 0)
(0.4 0.452 0)
(0.42 0.452 0)
(0.44 0.452 0)
(0.46 0.452 0)
(0.48 0.452 0)
(0.5 0.452 0)
(0 0.51 0)
(0.02 0.51 0)
(0.04 0.51 0)
(0.06 0.51 0)
(0.08 0.51 0)
(0.1 0.51 0)
(0.12 0.51 0)
(0.14 0.51 0)
(0.16 0.51 0)
(0.18 0.51 0)
(0.2 0.51 0)
(0.22 0.51 0)
(0.24 0.51 0)
(0.26 0.51 0)
(0.28 0.51 0)
(0.3 0.51 0)
(0.32 0.51 0)
(0.34 0.51 0)
(0.36 0.51 0)
(0.38 0.51 0)
(0.4 0.51 0)
(0.42 0.51 0)
(0.44 0.51 0)
(0.46 0.51 0)
(0.48 0.51 0)
(0.5 0.51 0)
(0 0.568 0)
(0.02 0.568 0)
(0.04 0.568 0)
(0.06 0.568 0)
(0.08 0.568 0)
(0.1 0.568 0)
(0.12 0.568 0)
(0.14 0.568 0)
(0.16 0.568 0)
(0.18 0.568 0)
(0.2 0.568 0)
(0.22 0.568 0)
(0.24 0.568 0)
(0.26 0.568 0)
(0.28 0.568 0)
(0.3 0.568 0)
(0.32 0.568 0)
(0.34 0.568 0)
(0.36 0.568 0)
(0.38 0.568 0)
(0.4 0.568 0)
(0.42 0.568 0)
(0.44 0.568 0)
(0.46 0.568 0)
(0.48 0.568 0)
(0.5 0.568 0)
(0 0.626 0)
(0.02 0.626 0)
(0.04 0.626 0)
(0.06 0.626 0)
(0.08 0.626 0)
(0.1 0.626 0)
(0.12 0.626 0)
(0.14 0.626 0)
(0.16 0.626 0)
(0.18 0.626 0)
(0.2 0.626 0)
(0.22 0.626 0)
(0.24 0.626 0)
(0.26 0.626 0)
(0.28 0.626 0)
(0.3 0.626 0)
(0.32 0.626 0)
(0.34 0.626 0)
(0.36 0.626 0)
(0.38 0.626 0)
(0.4 0.626 0)
(0.42 0.626 0)
(0.44 0.626 0)
(0.46 0.626 0)
(0.48 0.626 0)
(0.5 0.626 0)
(0 0.684 0)
(0.02 0.684 0)
(0.04 0.684 0)
(0.06 0.684 0)
(0.08 0.684 0)
(0.1 0.684 0)
(0.12 0.684 0)
(0.14 0.684 0)
(0.16 0.684 0)
(0.18 0.684 0)
(0.2 0.684 0)
(0.22 0.684 0)
(0.24 0.684 0)
(0.26 0.684 0)
(0.28 0.684 0)
(0.3 0.684 0)
(0.32 0.684 0)
(0.34 0.684 0)
(0.36 0.684 0)
(0.38 0.684 0)
(0.4 0.684 0)
(0.42 0.684 0)
(0.44 0.684 0)
(0.46 0.684 0)
(0.48 0.684 0)
(0.5 0.684 0)
(0 0.742 0)
(0.02 0.742 0)
(0.04 0.742 0)
(0.06 0.742 0)
(0.08 0.742 0)
(0.1 0.742 0)
(0.12 0.742 0)
(0.14 0.742 0)
(0.16 0.742 0)
(0.18 0.742 0)
(0.2 0.742 0)
(0.22 0.742 0)
(0.24 0.742 0)
(0.26 0.742 0)
(0.28 0.742 0)
(0.3 0.742 0)
(0.32 0.742 0)
(0.34 0.742 0)
(0.36 0.742 0)
(0.38 0.742 0)
(0.4 0.742 0)
(0.42 0.742 0)
(0.44 0.742 0)
(0.46 0.742 0)
(0.48 0.742 0)
(0.5 0.742 0)
(0 0.8 0)
(0.02 0.8 0)
(0.04 0.8 0)
(0.06 0.8 0)
(0.08 0.8 0)
(0.1 0.8 0)
(0.12 0.8 0)
(0.14 0.8 0)
(0.16 0.8 0)
(0.18 0.8 0)
(0.2 0.8 0)
(0.22 0.8 0)
(0.24 0.8 0)
(0.26 0.8 0)
(0.28 0.8 0)
(0.3 0.8 0)
(0.32 0.8 0)
(0.34 0.8 0)
(0.36 0.8 0)
(0.38 0.8 0)
(0.4 0.8 0)
(0.42 0.8 0)
(0.44 0.8 0)
(0.46 0.8 0)
(0.48 0.8 0)
(0.5 0.8 0)
(0.5075 0.22132245 -0.005)
(0.515 0.2226449 -0.005)
(0.5225 0.22396735 -0.005)
(0.53 0.2252898 -0.005)
(0.5375 0.22661225 -0.005)
(0.545 0.2279347 -0.005)
(0.5525 0.22925715 -0.005)
(0.56 0.2305796 -0.005)
(0.5675 0.23190205 -0.005)
(0.575 0.2332245 -0.005)
(0.5825 0.23454695 -0.005)
(0.59 0.2358694 -0.005)
(0.5975 0.23719185 -0.005)
(0.605 0.2385143 -0.005)
(0.6125 0.23983675 -0.005)
(0.62 0.2411592 -0.005)
(0.6275 0.24248165 -0.005)
(0.635 0.2438041 -0.005)
(0.6425 0.24512655 -0.005)
(0.65 0.246449 -0.005)
(0.5075 0.279190205 -0.005)
(0.515 0.28038041 -0.005)
(0.5225 0.281570615 -0.005)
(0.53 0.28276082 -0.005)
(0.5375 0.283951025 -0.005)
(0.545 0.28514123 -0.005)
(0.5525 0.286331435 -0.005)
(0.56 0.28752164 -0.005)
(0.5675 0.288711845 -0.005)
(0.575 0.28990205 -0.005)
(0.5825 0.291092255 -0.005)
(0.59 0.29228246 -0.005)
(0.5975 0.293472665 -0.005)
(0.605 0.29466287 -0.005)
(0.6125 0.295853075 -0.005)
(0.62 0.29704328 -0.005)
(0.6275 0.298233485 -0.005)
(0.635 0.29942369 -0.005)
(0.6425 0.300613895 -0.005)
(0.65 0.3018041 -0.005)
(0.5075 0.33705796 -0.005)
(0.515 0.33811592 -0.005)
(0.5225 0.33917388 -0.005)
(0.53 0.34023184 -0.005)
(0.5375 0.3412898 -0.005)
(0.545 0.34234776 -0.005)
(0.5525 0.34340572 -0.005)
(0.56 0.34446368 -0.005)
(0.5675 0.34552164 -0.005)
(0.575 0.3465796 -0.005)
(0.5825 0.34763756 -0.005)
(0.59 0.34869552 -0.005)
(0.5975 0.34975348 -0.005)
(0.605 0.35081144 -0.005)
(0.6125 0.3518694 -0.005)
(0.62 0.35292736 -0.005)
(0.6275 0.35398532 -0.005)
(0.635 0.35504328 -0.005)
(0.6425 0.35610124 -0.005)
(0.65 0.3571592 -0.005)
(0.5075 0.394925715 -0.005)
(0.515 0.39585143 -0.005)
(0.5225 0.396777145 -0.005)
(0.53 0.39770286 -0.005)
(0.5375 0.398628575 -0.005)
(0.545 0.39955429 -0.005)
(0.5525 0.400480005 -0.005)
(0.56 0.40140572 -0.005)
(0.5675 0.402331435 -0.005)
(0.575 0.40325715 -0.005)
(0.5825 0.404182865 -0.005)
(0.59 0.40510858 -0.005)
(0.5975 0.406034295 -0.005)
(0.605 0.40696001 -0.005)
(0.6125 0.407885725 -0.005)
(0.62 0.40881144 -0.005)
(0.6275 0.409737155 -0.005)
(0.635 0.41066287 -0.005)
(0.6425 0.411588585 -0.005)
(0.65 0.4125143 -0.005)
(0.5075 0.45279347 -0.005)
(0.515 0.45358694 -0.005)
(0.5225 0.45438041 -0.005)
(0.53 0.45517388 -0.005)
(0.5375 0.45596735 -0.005)
(0.545 0.45676082 -0.005)
(0.5525 0.45755429 -0.005)
(0.56 0.45834776 -0.005)
(0.5675 0.45914123 -0.005)
(0.575 0.4599347 -0.005)
(0.5825 0.46072817 -0.005)
(0.59 0.46152164 -0.005)
(0.5975 0.46231511 -0.005)
(0.605 0.46310858 -0.005)
(0.6125 0.46390205 -0.005)
(0.62 0.46469552 -0.005)
(0.6275 0.46548899 -0.005)
(0.635 0.46628246 -0.005)
(0.6425 0.46707593 -0.005)
(0.65 0.4678694 -0.005)
(0.5075 0.510661225 -0.005)
(0.515 0.51132245 -0.005)
(0.5225 0.511983675 -0.005)
(0.53 0.5126449 -0.005)
(0.5375 0.513306125 -0.005)
(0.545 0.51396735 -0.005)
(0.5525 0.514628575 -0.005)
(0.56 0.5152898 -0.005)
(0.5675 0.515951025 -0.005)
(0.575 0.51661225 -0.005)
(0.5825 0.517273475 -0.005)
(0.59 0.5179347 -0.005)
(0.5975 0.518595925 -0.005)
(0.605 0.51925715 -0.005)
(0.6125 0.519918375 -0.005)
(0.62 0.5205796 -0.005)
(0.6275 0.521240825 -0.005)
(0.635 0.52190205 -0.005)
(0.6425 0.522563275 -0.005)
(0.65 0.5232245 -0.005)
(0.5075 0.56852898 -0.005)
(0.515 0.56905796 -0.005)
(0.5225 0.56958694 -0.005)
(0.53 0.57011592 -0.005)
(0.5375 0.5706449 -0.005)
(0.545 0.57117388 -0.005)
(0.5525 0.57170286 -0.005)
(0.56 0.57223184 -0.005)
(0.5675 0.57276082 -0.005)
(0.575 0.5732898 -0.005)
(0.5825 0.57381878 -0.005)
(0.59 0.57434776 -0.005)
(0.5975 0.57487674 -0.005)
(0.605 0.57540572 -0.005)
(0.6125 0.5759347 -0.005)
(0.62 0.57646368 -0.005)
(0.6275 0.57699266 -0.005)
(0.635 0.57752164 -0.005)
(0.6425 0.57805062 -0.005)
(0.65 0.5785796 -0.005)
(0.5075 0.626396735 -0.005)
(0.515 0.62679347 -0.005)
(0.5225 0.627190205 -0.005)
(0.53 0.62758694 -0.005)
(0.5375 0.627983675 -0.005)
(0.545 0.62838041 -0.005)
(0.5525 0.628777145 -0.005)
(0.56 0.62917388 -0.005)
(0.5675 0.629570615 -0.005)
(0.575 0.62996735 -0.005)
(0.5825 0.630364085 -0.005)
(0.59 0.63076082 -0.005)
(0.5975 0.631157555 -0.005)
(0.605 0.63155429 -0.005)
(0.6125 0.631951025 -0.005)
(0.62 0.63234776 -0.005)
(0.6275 0.632744495 -0.005)
(0.635 0.63314123 -0.005)
(0.6425 0.633537965 -0.005)
(0.65 0.6339347 -0.005)
(0.5075 0.68426449 -0.005)
(0.515 0.68452898 -0.005)
(0.5225 0.68479347 -0.005)
(0.53 0.68505796 -0.005)
(0.5375 0.68532245 -0.005)
(0.545 0.68558694 -0.005)
(0.5525 0.68585143 -0.005)
(0.56 0.68611592 -0.005)
(0.5675 0.68638041 -0.005)
(0.575 0.6866449 -0.005)
(0.5825 0.68690939 -0.005)
(0.59 0.68717388 -0.005)
(0.5975 0.68743837 -0.005)
(0.605 0.68770286 -0.005)
(0.6125 0.68796735 -0.005)
(0.62 0.68823184 -0.005)
(0.6275 0.68849633 -0.005)
(0.635 0.68876082 -0.005)
(0.6425 0.68902531 -0.005)
(0.65 0.6892898 -0.005)
(0.5075 0.742132245 -0.005)
(0.515 0.74226449 -0.005)
(0.5225 0.742396735 -0.005)
(0.53 0.74252898 -0.005)
(0.5375 0.742661225 -0.005)
(0.545 0.74279347 -0.005)
(0.5525 0.742925715 -0.005)
(0.56 0.74305796 -0.005)
(0.5675 0.743190205 -0.005)
(0.575 0.74332245 -0.005)
(0.5825 0.743454695 -0.005)
(0.59 0.74358694 -0.005)
(0.5975 0.743719185 -0.005)
(0.605 0.74385143 -0.005)
(0.6125 0.743983675 -0.005)
(0.62 0.74411592 -0.005)
(0.6275 0.744248165 -0.005)
(0.635 0.74438041 -0.005)
(0.6425 0.744512655 -0.005)
(0.65 0.7446449 -0.005)
(0.5075 0.8 -0.005)
(0.515 0.8 -0.005)
(0.5225 0.8 -0.005)
(0.53 0.8 -0.005)
(0.5375 0.8 -0.005)
(0.545 0.8 -0.005)
(0.5525 0.8 -0.005)
(0.56 0.8 -0.005)
(0.5675 0.8 -0.005)
(0.575 0.8 -0.005)
(0.5825 0.8 -0.005)
(0.59 0.8 -0.005)
(0.5975 0.8 -0.005)
(0.605 0.8 -0.005)
(0.6125 0.8 -0.005)
(0.62 0.8 -0.005)
(0.6275 0.8 -0.005)
(0.635 0.8 -0.005)
(0.6425 0.8 -0.005)
(0.65 0.8 -0.005)
(0.5075 0.22132245 0)
(0.515 0.2226449 0)
(0.5225 0.22396735 0)
(0.53 0.2252898 0)
(0.5375 0.22661225 0)
(0.545 0.2279347 0)
(0.5525 0.22925715 0)
(0.56 0.2305796 0)
(0.5675 0.23190205 0)
(0.575 0.2332245 0)
(0.5825 0.23454695 0)
(0.59 0.2358694 0)
(0.5975 0.23719185 0)
(0.605 0.2385143 0)
(0.6125 0.23983675 0)
(0.62 0.2411592 0)
(0.6275 0.24248165 0)
(0.635 0.2438041 0)
(0.6425 0.24512655 0)
(0.65 0.246449 0)
(0.5075 0.279190205 0)
(0.515 0.28038041 0)
(0.5225 0.281570615 0)
(0.53 0.28276082 0)
(0.5375 0.283951025 0)
(0.545 0.28514123 0)
(0.5525 0.286331435 0)
(0.56 0.28752164 0)
(0.5675 0.288711845 0)
(0.575 0.28990205 0)
(0.5825 0.291092255 0)
(0.59 0.29228246 0)
(0.5975 0.293472665 0)
(0.605 0.29466287 0)
(0.6125 0.295853075 0)
(0.62 0.29704328 0)
(0.6275 0.298233485 0)
(0.635 0.29942369 0)
(0.6425 0.300613895 0)
(0.65 0.3018041 0)
(0.5075 0.33705796 0)
(0.515 0.33811592 0)
(0.5225 0.33917388 0)
(0.53 0.34023184 0)
(0.5375 0.3412898 0)
(0.545 0.34234776 0)
(0.5525 0.34340572 0)
(0.56 0.34446368 0)
(0.5675 0.34552164 0)
(0.575 0.3465796 0)
(0.5825 0.34763756 0)
(0.59 0.34869552 0)
(0.5975 0.34975348 0)
(0.605 0.35081144 0)
(0.6125 0.3518694 0)
(0.62 0.35292736 0)
(0.6275 0.35398532 0)
(0.635 0.35504328 0)
(0.6425 0.35610124 0)
(0.65 0.3571592 0)
(0.5075 0.394925715 0)
(0.515 0.39585143 0)
(0.5225 0.396777145 0)
(0.53 0.39770286 0)
(0.5375 0.398628575 0)
(0.545 0.39955429 0)
(0.5525 0.400480005 0)
(0.56 0.40140572 0)
(0.5675 0.402331435 0)
(0.575 0.40325715 0)
(0.5825 0.404182865 0)
(0.59 0.40510858 0)
(0.5975 0.406034295 0)
(0.605 0.40696001 0)
(0.6125 0.407885725 0)
(0.62 0.40881144 0)
(0.6275 0.409737155 0)
(0.635 0.41066287 0)
(0.6425 0.411588585 0)
(0.65 0.4125143 0)
(0.5075 0.45279347 0)
(0.515 0.45358694 0)
(0.5225 0.45438041 0)
(0.53 0.45517388 0)
(0.5375 0.45596735 0)
(0.545 0.45676082 0)
(0.5525 0.45755429 0)
(0.56 0.45834776 0)
(0.5675 0.45914123 0)
(0.575 0.4599347 0)
(0.5825 0.46072817 0)
(0.59 0.46152164 0)
(0.5975 0.46231511 0)
(0.605 0.46310858 0)
(0.6125 0.46390205 0)
(0.62 0.46469552 0)
(0.6275 0.46548899 0)
(0.635 0.46628246 0)
(0.6425 0.46707593 0)
(0.65 0.4678694 0)
(0.5075 0.510661225 0)
(0.515 0.51132245 0)
(0.5225 0.511983675 0)
(0.53 0.5126449 0)
(0.5375 0.513306125 0)
(0.545 0.51396735 0)
(0.5525 0.514628575 0)
(0.56 0.5152898 0)
(0.5675 0.515951025 0)
(0.575 0.51661225 0)
(0.5825 0.517273475 0)
(0.59 0.5179347 0)
(0.5975 0.518595925 0)
(0.605 0.51925715 0)
(0.6125 0.519918375 0)
(0.62 0.5205796 0)
(0.6275 0.521240825 0)
(0.635 0.52190205 0)
(0.6425 0.522563275 0)
(0.65 0.5232245 0)
(0.5075 0.56852898 0)
(0.515 0.56905796 0)
(0.5225 0.56958694 0)
(0.53 0.57011592 0)
(0.5375 0.5706449 0)
(0.545 0.57117388 0)
(0.5525 0.57170286 0)
(0.56 0.57223184 0)
(0.5675 0.57276082 0)
(0.575 0.5732898 0)
(0.5825 0.57381878 0)
(0.59 0.57434776 0)
(0.5975 0.57487674 0)
(0.605 0.57540572 0)
(0.6125 0.5759347 0)
(0.62 0.57646368 0)
(0.6275 0.57699266 0)
(0.635 0.57752164 0)
(0.6425 0.57805062 0)
(0.65 0.5785796 0)
(0.5075 0.626396735 0)
(0.515 0.62679347 0)
(0.5225 0.627190205 0)
(0.53 0.62758694 0)
(0.5375 0.627983675 0)
(0.545 0.62838041 0)
(0.5525 0.628777145 0)
(0.56 0.62917388 0)
(0.5675 0.629570615 0)
(0.575 0.62996735 0)
(0.5825 0.630364085 0)
(0.59 0.63076082 0)
(0.5975 0.631157555 0)
(0.605 0.63155429 0)
(0.6125 0.631951025 0)
(0.62 0.63234776 0)
(0.6275 0.632744495 0)
(0.635 0.63314123 0)
(0.6425 0.633537965 0)
(0.65 0.6339347 0)
(0.5075 0.68426449 0)
(0.515 0.68452898 0)
(0.5225 0.68479347 0)
(0.53 0.68505796 0)
(0.5375 0.68532245 0)
(0.545 0.68558694 0)
(0.5525 0.68585143 0)
(0.56 0.68611592 0)
(0.5675 0.68638041 0)
(0.575 0.6866449 0)
(0.5825 0.68690939 0)
(0.59 0.68717388 0)
(0.5975 0.68743837 0)
(0.605 0.68770286 0)
(0.6125 0.68796735 0)
(0.62 0.68823184 0)
(0.6275 0.68849633 0)
(0.635 0.68876082 0)
(0.6425 0.68902531 0)
(0.65 0.6892898 0)
(0.5075 0.742132245 0)
(0.515 0.74226449 0)
(0.5225 0.742396735 0)
(0.53 0.74252898 0)
(0.5375 0.742661225 0)
(0.545 0.74279347 0)
(0.5525 0.742925715 0)
(0.56 0.74305796 0)
(0.5675 0.743190205 0)
(0.575 0.74332245 0)
(0.5825 0.743454695 0)
(0.59 0.74358694 0)
(0.5975 0.743719185 0)
(0.605 0.74385143 0)
(0.6125 0.743983675 0)
(0.62 0.74411592 0)
(0.6275 0.744248165 0)
(0.635 0.74438041 0)
(0.6425 0.744512655 0)
(0.65 0.7446449 0)
(0.5075 0.8 0)
(0.515 0.8 0)
(0.5225 0.8 0)
(0.53 0.8 0)
(0.5375 0.8 0)
(0.545 0.8 0)
(0.5525 0.8 0)
(0.56 0.8 0)
(0.5675 0.8 0)
(0.575 0.8 0)
(0.5825 0.8 0)
(0.59 0.8 0)
(0.5975 0.8 0)
(0.605 0.8 0)
(0.6125 0.8 0)
(0.62 0.8 0)
(0.6275 0.8 0)
(0.635 0.8 0)
(0.6425 0.8 0)
(0.65 0.8 0)
(0.6575 0.25412655 -0.005)
(0.665 0.2618041 -0.005)
(0.6725 0.26948165 -0.005)
(0.68 0.2771592 -0.005)
(0.6875 0.28483675 -0.005)
(0.695 0.2925143 -0.005)
(0.7025 0.30019185 -0.005)
(0.71 0.3078694 -0.005)
(0.7175 0.31554695 -0.005)
(0.725 0.3232245 -0.005)
(0.7325 0.33090205 -0.005)
(0.74 0.3385796 -0.005)
(0.7475 0.34625715 -0.005)
(0.755 0.3539347 -0.005)
(0.7625 0.36161225 -0.005)
(0.77 0.3692898 -0.005)
(0.7775 0.37696735 -0.005)
(0.785 0.3846449 -0.005)
(0.7925 0.39232245 -0.005)
(0.8 0.4 -0.005)
(0.6575 0.308713895 -0.005)
(0.665 0.31562369 -0.005)
(0.6725 0.322533485 -0.005)
(0.68 0.32944328 -0.005)
(0.6875 0.336353075 -0.005)
(0.695 0.34326287 -0.005)
(0.7025 0.350172665 -0.005)
(0.71 0.35708246 -0.005)
(0.7175 0.363992255 -0.005)
(0.725 0.37090205 -0.005)
(0.7325 0.377811845 -0.005)
(0.74 0.38472164 -0.005)
(0.7475 0.391631435 -0.005)
(0.755 0.39854123 -0.005)
(0.7625 0.405451025 -0.005)
(0.77 0.41236082 -0.005)
(0.7775 0.419270615 -0.005)
(0.785 0.42618041 -0.005)
(0.7925 0.433090205 -0.005)
(0.8 0.44 -0.005)
(0.6575 0.36330124 -0.005)
(0.665 0.36944328 -0.005)
(0.6725 0.37558532 -0.005)
(0.68 0.38172736 -0.005)
(0.6875 0.3878694 -0.005)
(0.695 0.39401144 -0.005)
(0.7025 0.40015348 -0.005)
(0.71 0.40629552 -0.005)
(0.7175 0.41243756 -0.005)
(0.725 0.4185796 -0.005)
(0.7325 0.42472164 -0.005)
(0.74 0.43086368 -0.005)
(0.7475 0.43700572 -0.005)
(0.755 0.44314776 -0.005)
(0.7625 0.4492898 -0.005)
(0.77 0.45543184 -0.005)
(0.7775 0.46157388 -0.005)
(0.785 0.46771592 -0.005)
(0.7925 0.47385796 -0.005)
(0.8 0.48 -0.005)
(0.6575 0.417888585 -0.005)
(0.665 0.42326287 -0.005)
(0.6725 0.428637155 -0.005)
(0.68 0.43401144 -0.005)
(0.6875 0.439385725 -0.005)
(0.695 0.44476001 -0.005)
(0.7025 0.450134295 -0.005)
(0.71 0.45550858 -0.005)
(0.7175 0.460882865 -0.005)
(0.725 0.46625715 -0.005)
(0.7325 0.471631435 -0.005)
(0.74 0.47700572 -0.005)
(0.7475 0.482380005 -0.005)
(0.755 0.48775429 -0.005)
(0.7625 0.493128575 -0.005)
(0.77 0.49850286 -0.005)
(0.7775 0.503877145 -0.005)
(0.785 0.50925143 -0.005)
(0.7925 0.514625715 -0.005)
(0.8 0.52 -0.005)
(0.6575 0.47247593 -0.005)
(0.665 0.47708246 -0.005)
(0.6725 0.48168899 -0.005)
(0.68 0.48629552 -0.005)
(0.6875 0.49090205 -0.005)
(0.695 0.49550858 -0.005)
(0.7025 0.50011511 -0.005)
(0.71 0.50472164 -0.005)
(0.7175 0.50932817 -0.005)
(0.725 0.5139347 -0.005)
(0.7325 0.51854123 -0.005)
(0.74 0.52314776 -0.005)
(0.7475 0.52775429 -0.005)
(0.755 0.53236082 -0.005)
(0.7625 0.53696735 -0.005)
(0.77 0.54157388 -0.005)
(0.7775 0.54618041 -0.005)
(0.785 0.55078694 -0.005)
(0.7925 0.55539347 -0.005)
(0.8 0.56 -0.005)
(0.6575 0.527063275 -0.005)
(0.665 0.53090205 -0.005)
(0.6725 0.534740825 -0.005)
(0.68 0.5385796 -0.005)
(0.6875 0.542418375 -0.005)
(0.695 0.54625715 -0.005)
(0.7025 0.550095925 -0.005)
(0.71 0.5539347 -0.005)
(0.7175 0.557773475 -0.005)
(0.725 0.56161225 -0.005)
(0.7325 0.565451025 -0.005)
(0.74 0.5692898 -0.005)
(0.7475 0.573128575 -0.005)
(0.755 0.57696735 -0.005)
(0.7625 0.580806125 -0.005)
(0.77 0.5846449 -0.005)
(0.7775 0.588483675 -0.005)
(0.785 0.59232245 -0.005)
(0.7925 0.596161225 -0.005)
(0.8 0.6 -0.005)
(0.6575 0.58165062 -0.005)
(0.665 0.58472164 -0.005)
(0.6725 0.58779266 -0.005)
(0.68 0.59086368 -0.005)
(0.6875 0.5939347 -0.005)
(0.695 0.59700572 -0.005)
(0.7025 0.60007674 -0.005)
(0.71 0.60314776 -0.005)
(0.7175 0.60621878 -0.005)
(0.725 0.6092898 -0.005)
(0.7325 0.61236082 -0.005)
(0.74 0.61543184 -0.005)
(0.7475 0.61850286 -0.005)
(0.755 0.62157388 -0.005)
(0.7625 0.6246449 -0.005)
(0.77 0.62771592 -0.005)
(0.7775 0.63078694 -0.005)
(0.785 0.63385796 -0.005)
(0.7925 0.63692898 -0.005)
(0.8 0.64 -0.005)
(0.6575 0.636237965 -0.005)
(0.665 0.63854123 -0.005)
(0.6725 0.640844495 -0.005)
(0.68 0.64314776 -0.005)
(0.6875 0.645451025 -0.005)
(0.695 0.64775429 -0.005)
(0.7025 0.650057555 -0.005)
(0.71 0.65236082 -0.005)
(0.7175 0.654664085 -0.005)
(0.725 0.65696735 -0.005)
(0.7325 0.659270615 -0.005)
(0.74 0.66157388 -0.005)
(0.7475 0.663877145 -0.005)
(0.755 0.66618041 -0.005)
(0.7625 0.668483675 -0.005)
(0.77 0.67078694 -0.005)
(0.7775 0.673090205 -0.005)
(0.785 0.67539347 -0.005)
(0.7925 0.677696735 -0.005)
(0.8 0.68 -0.005)
(0.6575 0.69082531 -0.005)
(0.665 0.69236082 -0.005)
(0.6725 0.69389633 -0.005)
(0.68 0.69543184 -0.005)
(0.6875 0.69696735 -0.005)
(0.695 0.69850286 -0.005)
(0.7025 0.70003837 -0.005)
(0.71 0.70157388 -0.005)
(0.7175 0.70310939 -0.005)
(0.725 0.7046449 -0.005)
(0.7325 0.70618041 -0.005)
(0.74 0.70771592 -0.005)
(0.7475 0.70925143 -0.005)
(0.755 0.71078694 -0.005)
(0.7625 0.71232245 -0.005)
(0.77 0.71385796 -0.005)
(0.7775 0.71539347 -0.005)
(0.785 0.71692898 -0.005)
(0.7925 0.71846449 -0.005)
(0.8 0.72 -0.005)
(0.6575 0.745412655 -0.005)
(0.665 0.74618041 -0.005)
(0.6725 0.746948165 -0.005)
(0.68 0.74771592 -0.005)
(0.6875 0.748483675 -0.005)
(0.695 0.74925143 -0.005)
(0.7025 0.750019185 -0.005)
(0.71 0.75078694 -0.005)
(0.7175 0.751554695 -0.005)
(0.725 0.75232245 -0.005)
(0.7325 0.753090205 -0.005)
(0.74 0.75385796 -0.005)
(0.7475 0.754625715 -0.005)
(0.755 0.75539347 -0.005)
(0.7625 0.756161225 -0.005)
(0.77 0.75692898 -0.005)
(0.7775 0.757696735 -0.005)
(0.785 0.75846449 -0.005)
(0.7925 0.759232245 -0.005)
(0.8 0.76 -0.005)
(0.6575 0.8 -0.005)
(0.665 0.8 -0.005)
(0.6725 0.8 -0.005)
(0.68 0.8 -0.005)
(0.6875 0.8 -0.005)
(0.695 0.8 -0.005)
(0.7025 0.8 -0.005)
(0.71 0.8 -0.005)
(0.7175 0.8 -0.005)
(0.725 0.8 -0.005)
(0.7325 0.8 -0.005)
(0.74 0.8 -0.005)
(0.7475 0.8 -0.005)
(0.755 0.8 -0.005)
(0.7625 0.8 -0.005)
(0.77 0.8 -0.005)
(0.7775 0.8 -0.005)
(0.785 0.8 -0.005)
(0.7925 0.8 -0.005)
(0.8 0.8 -0.005)
(0.6575 0.25412655 0)
(0.665 0.2618041 0)
(0.6725 0.26948165 0)
(0.68 0.2771592 0)
(0.6875 0.28483675 0)
(0.695 0.2925143 0)
(0.7025 0.30019185 0)
(0.71 0.3078694 0)
(0.7175 0.31554695 0)
(0.725 0.3232245 0)
(0.7325 0.33090205 0)
(0.74 0.3385796 0)
(0.7475 0.34625715 0)
(0.755 0.3539347 0)
(0.7625 0.36161225 0)
(0.77 0.3692898 0)
(0.7775 0.37696735 0)
(0.785 0.3846449 0)
(0.7925 0.39232245 0)
(0.8 0.4 0)
(0.6575 0.308713895 0)
(0.665 0.31562369 0)
(0.6725 0.322533485 0)
(0.68 0.32944328 0)
(0.6875 0.336353075 0)
(0.695 0.34326287 0)
(0.7025 0.350172665 0)
(0.71 0.35708246 0)
(0.7175 0.363992255 0)
(0.725 0.37090205 0)
(0.7325 0.377811845 0)
(0.74 0.38472164 0)
(0.7475 0.391631435 0)
(0.755 0.39854123 0)
(0.7625 0.405451025 0)
(0.77 0.41236082 0)
(0.7775 0.419270615 0)
(0.785 0.42618041 0)
(0.7925 0.433090205 0)
(0.8 0.44 0)
(0.6575 0.36330124 0)
(0.665 0.36944328 0)
(0.6725 0.37558532 0)
(0.68 0.38172736 0)
(0.6875 0.3878694 0)
(0.695 0.39401144 0)
(0.7025 0.40015348 0)
(0.71 0.40629552 0)
(0.7175 0.41243756 0)
(0.725 0.4185796 0)
(0.7325 0.42472164 0)
(0.74 0.43086368 0)
(0.7475 0.43700572 0)
(0.755 0.44314776 0)
(0.7625 0.4492898 0)
(0.77 0.45543184 0)
(0.7775 0.46157388 0)
(0.785 0.46771592 0)
(0.7925 0.47385796 0)
(0.8 0.48 0)
(0.6575 0.417888585 0)
(0.665 0.42326287 0)
(0.6725 0.428637155 0)
(0.68 0.43401144 0)
(0.6875 0.439385725 0)
(0.695 0.44476001 0)
(0.7025 0.450134295 0)
(0.71 0.45550858 0)
(0.7175 0.460882865 0)
(0.725 0.46625715 0)
(0.7325 0.471631435 0)
(0.74 0.47700572 0)
(0.7475 0.482380005 0)
(0.755 0.48775429 0)
(0.7625 0.493128575 0)
(0.77 0.49850286 0)
(0.7775 0.503877145 0)
(0.785 0.50925143 0)
(0.7925 0.514625715 0)
(0.8 0.52 0)
(0.6575 0.47247593 0)
(0.665 0.47708246 0)
(0.6725 0.48168899 0)
(0.68 0.48629552 0)
(0.6875 0.49090205 0)
(0.695 0.49550858 0)
(0.7025 0.50011511 0)
(0.71 0.50472164 0)
(0.7175 0.50932817 0)
(0.725 0.5139347 0)
(0.7325 0.51854123 0)
(0.74 0.52314776 0)
(0.7475 0.52775429 0)
(0.755 0.53236082 0)
(0.7625 0.53696735 0)
(0.77 0.54157388 0)
(0.7775 0.54618041 0)
(0.785 0.55078694 0)
(0.7925 0.55539347 0)
(0.8 0.56 0)
(0.6575 0.527063275 0)
(0.665 0.53090205 0)
(0.6725 0.534740825 0)
(0.68 0.5385796 0)
(0.6875 0.542418375 0)
(0.695 0.54625715 0)
(0.7025 0.550095925 0)
(0.71 0.5539347 0)
(0.7175 0.557773475 0)
(0.725 0.56161225 0)
(0.7325 0.565451025 0)
(0.74 0.5692898 0)
(0.7475 0.573128575 0)
(0.755 0.57696735 0)
(0.7625 0.580806125 0)
(0.77 0.5846449 0)
(0.7775 0.588483675 0)
(0.785 0.59232245 0)
(0.7925 0.596161225 0)
(0.8 0.6 0)
(0.6575 0.58165062 0)
(0.665 0.58472164 0)
(0.6725 0.58779266 0)
(0.68 0.59086368 0)
(0.6875 0.5939347 0)
(0.695 0.59700572 0)
(0.7025 0.60007674 0)
(0.71 0.60314776 0)
(0.7175 0.60621878 0)
(0.725 0.6092898 0)
(0.7325 0.61236082 0)
(0.74 0.61543184 0)
(0.7475 0.61850286 0)
(0.755 0.62157388 0)
(0.7625 0.6246449 0)
(0.77 0.62771592 0)
(0.7775 0.63078694 0)
(0.785 0.63385796 0)
(0.7925 0.63692898 0)
(0.8 0.64 0)
(0.6575 0.636237965 0)
(0.665 0.63854123 0)
(0.6725 0.640844495 0)
(0.68 0.64314776 0)
(0.6875 0.645451025 0)
(0.695 0.64775429 0)
(0.7025 0.650057555 0)
(0.71 0.65236082 0)
(0.7175 0.654664085 0)
(0.725 0.65696735 0)
(0.7325 0.659270615 0)
(0.74 0.66157388 0)
(0.7475 0.663877145 0)
(0.755 0.66618041 0)
(0.7625 0.668483675 0)
(0.77 0.67078694 0)
(0.7775 0.673090205 0)
(0.785 0.67539347 0)
(0.7925 0.677696735 0)
(0.8 0.68 0)
(0.6575 0.69082531 0)
(0.665 0.69236082 0)
(0.6725 0.69389633 0)
(0.68 0.69543184 0)
(0.6875 0.69696735 0)
(0.695 0.69850286 0)
(0.7025 0.70003837 0)
(0.71 0.70157388 0)
(0.7175 0.70310939 0)
(0.725 0.7046449 0)
(0.7325 0.70618041 0)
(0.74 0.70771592 0)
(0.7475 0.70925143 0)
(0.755 0.71078694 0)
(0.7625 0.71232245 0)
(0.77 0.71385796 0)
(0.7775 0.71539347 0)
(0.785 0.71692898 0)
(0.7925 0.71846449 0)
(0.8 0.72 0)
(0.6575 0.745412655 0)
(0.665 0.74618041 0)
(0.6725 0.746948165 0)
(0.68 0.74771592 0)
(0.6875 0.748483675 0)
(0.695 0.74925143 0)
(0.7025 0.750019185 0)
(0.71 0.75078694 0)
(0.7175 0.751554695 0)
(0.725 0.75232245 0)
(0.7325 0.753090205 0)
(0.74 0.75385796 0)
(0.7475 0.754625715 0)
(0.755 0.75539347 0)
(0.7625 0.756161225 0)
(0.77 0.75692898 0)
(0.7775 0.757696735 0)
(0.785 0.75846449 0)
(0.7925 0.759232245 0)
(0.8 0.76 0)
(0.6575 0.8 0)
(0.665 0.8 0)
(0.6725 0.8 0)
(0.68 0.8 0)
(0.6875 0.8 0)
(0.695 0.8 0)
(0.7025 0.8 0)
(0.71 0.8 0)
(0.7175 0.8 0)
(0.725 0.8 0)
(0.7325 0.8 0)
(0.74 0.8 0)
(0.7475 0.8 0)
(0.755 0.8 0)
(0.7625 0.8 0)
(0.77 0.8 0)
(0.7775 0.8 0)
(0.785 0.8 0)
(0.7925 0.8 0)
(0.8 0.8 0)
(0.81 0.4 -0.005)
(0.82 0.4 -0.005)
(0.83 0.4 -0.005)
(0.84 0.4 -0.005)
(0.85 0.4 -0.005)
(0.86 0.4 -0.005)
(0.87 0.4 -0.005)
(0.88 0.4 -0.005)
(0.89 0.4 -0.005)
(0.9 0.4 -0.005)
(0.91 0.4 -0.005)
(0.92 0.4 -0.005)
(0.93 0.4 -0.005)
(0.94 0.4 -0.005)
(0.95 0.4 -0.005)
(0.96 0.4 -0.005)
(0.97 0.4 -0.005)
(0.98 0.4 -0.005)
(0.99 0.4 -0.005)
(1 0.4 -0.005)
(0.81 0.44 -0.005)
(0.82 0.44 -0.005)
(0.83 0.44 -0.005)
(0.84 0.44 -0.005)
(0.85 0.44 -0.005)
(0.86 0.44 -0.005)
(0.87 0.44 -0.005)
(0.88 0.44 -0.005)
(0.89 0.44 -0.005)
(0.9 0.44 -0.005)
(0.91 0.44 -0.005)
(0.92 0.44 -0.005)
(0.93 0.44 -0.005)
(0.94 0.44 -0.005)
(0.95 0.44 -0.005)
(0.96 0.44 -0.005)
(0.97 0.44 -0.005)
(0.98 0.44 -0.005)
(0.99 0.44 -0.005)
(1 0.44 -0.005)
(0.81 0.48 -0.005)
(0.82 0.48 -0.005)
(0.83 0.48 -0.005)
(0.84 0.48 -0.005)
(0.85 0.48 -0.005)
(0.86 0.48 -0.005)
(0.87 0.48 -0.005)
(0.88 0.48 -0.005)
(0.89 0.48 -0.005)
(0.9 0.48 -0.005)
(0.91 0.48 -0.005)
(0.92 0.48 -0.005)
(0.93 0.48 -0.005)
(0.94 0.48 -0.005)
(0.95 0.48 -0.005)
(0.96 0.48 -0.005)
(0.97 0.48 -0.005)
(0.98 0.48 -0.005)
(0.99 0.48 -0.005)
(1 0.48 -0.005)
(0.81 0.52 -0.005)
(0.82 0.52 -0.005)
(0.83 0.52 -0.005)
(0.84 0.52 -0.005)
(0.85 0.52 -0.005)
(0.86 0.52 -0.005)
(0.87 0.52 -0.005)
(0.88 0.52 -0.005)
(0.89 0.52 -0.005)
(0.9 0.52 -0.005)
(0.91 0.52 -0.005)
(0.92 0.52 -0.005)
(0.93 0.52 -0.005)
(0.94 0.52 -0.005)
(0.95 0.52 -0.005)
(0.96 0.52 -0.005)
(0.97 0.52 -0.005)
(0.98 0.52 -0.005)
(0.99 0.52 -0.005)
(1 0.52 -0.005)
(0.81 0.56 -0.005)
(0.82 0.56 -0.005)
(0.83 0.56 -0.005)
(0.84 0.56 -0.005)
(0.85 0.56 -0.005)
(0.86 0.56 -0.005)
(0.87 0.56 -0.005)
(0.88 0.56 -0.005)
(0.89 0.56 -0.005)
(0.9 0.56 -0.005)
(0.91 0.56 -0.005)
(0.92 0.56 -0.005)
(0.93 0.56 -0.005)
(0.94 0.56 -0.005)
(0.95 0.56 -0.005)
(0.96 0.56 -0.005)
(0.97 0.56 -0.005)
(0.98 0.56 -0.005)
(0.99 0.56 -0.005)
(1 0.56 -0.005)
(0.81 0.6 -0.005)
(0.82 0.6 -0.005)
(0.83 0.6 -0.005)
(0.84 0.6 -0.005)
(0.85 0.6 -0.005)
(0.86 0.6 -0.005)
(0.87 0.6 -0.005)
(0.88 0.6 -0.005)
(0.89 0.6 -0.005)
(0.9 0.6 -0.005)
(0.91 0.6 -0.005)
(0.92 0.6 -0.005)
(0.93 0.6 -0.005)
(0.94 0.6 -0.005)
(0.95 0.6 -0.005)
(0.96 0.6 -0.005)
(0.97 0.6 -0.005)
(0.98 0.6 -0.005)
(0.99 0.6 -0.005)
(1 0.6 -0.005)
(0.81 0.64 -0.005)
(0.82 0.64 -0.005)
(0.83 0.64 -0.005)
(0.84 0.64 -0.005)
(0.85 0.64 -0.005)
(0.86 0.64 -0.005)
(0.87 0.64 -0.005)
(0.88 0.64 -0.005)
(0.89 0.64 -0.005)
(0.9 0.64 -0.005)
(0.91 0.64 -0.005)
(0.92 0.64 -0.005)
(0.93 0.64 -0.005)
(0.94 0.64 -0.005)
(0.95 0.64 -0.005)
(0.96 0.64 -0.005)
(0.97 0.64 -0.005)
(0.98 0.64 -0.005)
(0.99 0.64 -0.005)
(1 0.64 -0.005)
(0.81 0.68 -0.005)
(0.82 0.68 -0.005)
(0.83 0.68 -0.005)
(0.84 0.68 -0.005)
(0.85 0.68 -0.005)
(0.86 0.68 -0.005)
(0.87 0.68 -0.005)
(0.88 0.68 -0.005)
(0.89 0.68 -0.005)
(0.9 0.68 -0.005)
(0.91 0.68 -0.005)
(0.92 0.68 -0.005)
(0.93 0.68 -0.005)
(0.94 0.68 -0.005)
(0.95 0.68 -0.005)
(0.96 0.68 -0.005)
(0.97 0.68 -0.005)
(0.98 0.68 -0.005)
(0.99 0.68 -0.005)
(1 0.68 -0.005)
(0.81 0.72 -0.005)
(0.82 0.72 -0.005)
(0.83 0.72 -0.005)
(0.84 0.72 -0.005)
(0.85 0.72 -0.005)
(0.86 0.72 -0.005)
(0.87 0.72 -0.005)
(0.88 0.72 -0.005)
(0.89 0.72 -0.005)
(0.9 0.72 -0.005)
(0.91 0.72 -0.005)
(0.92 0.72 -0.005)
(0.93 0.72 -0.005)
(0.94 0.72 -0.005)
(0.95 0.72 -0.005)
(0.96 0.72 -0.005)
(0.97 0.72 -0.005)
(0.98 0.72 -0.005)
(0.99 0.72 -0.005)
(1 0.72 -0.005)
(0.81 0.76 -0.005)
(0.82 0.76 -0.005)
(0.83 0.76 -0.005)
(0.84 0.76 -0.005)
(0.85 0.76 -0.005)
(0.86 0.76 -0.005)
(0.87 0.76 -0.005)
(0.88 0.76 -0.005)
(0.89 0.76 -0.005)
(0.9 0.76 -0.005)
(0.91 0.76 -0.005)
(0.92 0.76 -0.005)
(0.93 0.76 -0.005)
(0.94 0.76 -0.005)
(0.95 0.76 -0.005)
(0.96 0.76 -0.005)
(0.97 0.76 -0.005)
(0.98 0.76 -0.005)
(0.99 0.76 -0.005)
(1 0.76 -0.005)
(0.81 0.8 -0.005)
(0.82 0.8 -0.005)
(0.83 0.8 -0.005)
(0.84 0.8 -0.005)
(0.85 0.8 -0.005)
(0.86 0.8 -0.005)
(0.87 0.8 -0.005)
(0.88 0.8 -0.005)
(0.89 0.8 -0.005)
(0.9 0.8 -0.005)
(0.91 0.8 -0.005)
(0.92 0.8 -0.005)
(0.93 0.8 -0.005)
(0.94 0.8 -0.005)
(0.95 0.8 -0.005)
(0.96 0.8 -0.005)
(0.97 0.8 -0.005)
(0.98 0.8 -0.005)
(0.99 0.8 -0.005)
(1 0.8 -0.005)
(0.81 0.4 0)
(0.82 0.4 0)
(0.83 0.4 0)
(0.84 0.4 0)
(0.85 0.4 0)
(0.86 0.4 0)
(0.87 0.4 0)
(0.88 0.4 0)
(0.89 0.4 0)
(0.9 0.4 0)
(0.91 0.4 0)
(0.92 0.4 0)
(0.93 0.4 0)
(0.94 0.4 0)
(0.95 0.4 0)
(0.96 0.4 0)
(0.97 0.4 0)
(0.98 0.4 0)
(0.99 0.4 0)
(1 0.4 0)
(0.81 0.44 0)
(0.82 0.44 0)
(0.83 0.44 0)
(0.84 0.44 0)
(0.85 0.44 0)
(0.86 0.44 0)
(0.87 0.44 0)
(0.88 0.44 0)
(0.89 0.44 0)
(0.9 0.44 0)
(0.91 0.44 0)
(0.92 0.44 0)
(0.93 0.44 0)
(0.94 0.44 0)
(0.95 0.44 0)
(0.96 0.44 0)
(0.97 0.44 0)
(0.98 0.44 0)
(0.99 0.44 0)
(1 0.44 0)
(0.81 0.48 0)
(0.82 0.48 0)
(0.83 0.48 0)
(0.84 0.48 0)
(0.85 0.48 0)
(0.86 0.48 0)
(0.87 0.48 0)
(0.88 0.48 0)
(0.89 0.48 0)
(0.9 0.48 0)
(0.91 0.48 0)
(0.92 0.48 0)
(0.93 0.48 0)
(0.94 0.48 0)
(0.95 0.48 0)
(0.96 0.48 0)
(0.97 0.48 0)
(0.98 0.48 0)
(0.99 0.48 0)
(1 0.48 0)
(0.81 0.52 0)
(0.82 0.52 0)
(0.83 0.52 0)
(0.84 0.52 0)
(0.85 0.52 0)
(0.86 0.52 0)
(0.87 0.52 0)
(0.88 0.52 0)
(0.89 0.52 0)
(0.9 0.52 0)
(0.91 0.52 0)
(0.92 0.52 0)
(0.93 0.52 0)
(0.94 0.52 0)
(0.95 0.52 0)
(0.96 0.52 0)
(0.97 0.52 0)
(0.98 0.52 0)
(0.99 0.52 0)
(1 0.52 0)
(0.81 0.56 0)
(0.82 0.56 0)
(0.83 0.56 0)
(0.84 0.56 0)
(0.85 0.56 0)
(0.86 0.56 0)
(0.87 0.56 0)
(0.88 0.56 0)
(0.89 0.56 0)
(0.9 0.56 0)
(0.91 0.56 0)
(0.92 0.56 0)
(0.93 0.56 0)
(0.94 0.56 0)
(0.95 0.56 0)
(0.96 0.56 0)
(0.97 0.56 0)
(0.98 0.56 0)
(0.99 0.56 0)
(1 0.56 0)
(0.81 0.6 0)
(0.82 0.6 0)
(0.83 0.6 0)
(0.84 0.6 0)
(0.85 0.6 0)
(0.86 0.6 0)
(0.87 0.6 0)
(0.88 0.6 0)
(0.89 0.6 0)
(0.9 0.6 0)
(0.91 0.6 0)
(0.92 0.6 0)
(0.93 0.6 0)
(0.94 0.6 0)
(0.95 0.6 0)
(0.96 0.6 0)
(0.97 0.6 0)
(0.98 0.6 0)
(0.99 0.6 0)
(1 0.6 0)
(0.81 0.64 0)
(0.82 0.64 0)
(0.83 0.64 0)
(0.84 0.64 0)
(0.85 0.64 0)
(0.86 0.64 0)
(0.87 0.64 0)
(0.88 0.64 0)
(0.89 0.64 0)
(0.9 0.64 0)
(0.91 0.64 0)
(0.92 0.64 0)
(0.93 0.64 0)
(0.94 0.64 0)
(0.95 0.64 0)
(0.96 0.64 0)
(0.97 0.64 0)
(0.98 0.64 0)
(0.99 0.64 0)
(1 0.64 0)
(0.81 0.68 0)
(0.82 0.68 0)
(0.83 0.68 0)
(0.84 0.68 0)
(0.85 0.68 0)
(0.86 0.68 0)
(0.87 0.68 0)
(0.88 0.68 0)
(0.89 0.68 0)
(0.9 0.68 0)
(0.91 0.68 0)
(0.92 0.68 0)
(0.93 0.68 0)
(0.94 0.68 0)
(0.95 0.68 0)
(0.96 0.68 0)
(0.97 0.68 0)
(0.98 0.68 0)
(0.99 0.68 0)
(1 0.68 0)
(0.81 0.72 0)
(0.82 0.72 0)
(0.83 0.72 0)
(0.84 0.72 0)
(0.85 0.72 0)
(0.86 0.72 0)
(0.87 0.72 0)
(0.88 0.72 0)
(0.89 0.72 0)
(0.9 0.72 0)
(0.91 0.72 0)
(0.92 0.72 0)
(0.93 0.72 0)
(0.94 0.72 0)
(0.95 0.72 0)
(0.96 0.72 0)
(0.97 0.72 0)
(0.98 0.72 0)
(0.99 0.72 0)
(1 0.72 0)
(0.81 0.76 0)
(0.82 0.76 0)
(0.83 0.76 0)
(0.84 0.76 0)
(0.85 0.76 0)
(0.86 0.76 0)
(0.87 0.76 0)
(0.88 0.76 0)
(0.89 0.76 0)
(0.9 0.76 0)
(0.91 0.76 0)
(0.92 0.76 0)
(0.93 0.76 0)
(0.94 0.76 0)
(0.95 0.76 0)
(0.96 0.76 0)
(0.97 0.76 0)
(0.98 0.76 0)
(0.99 0.76 0)
(1 0.76 0)
(0.81 0.8 0)
(0.82 0.8 0)
(0.83 0.8 0)
(0.84 0.8 0)
(0.85 0.8 0)
(0.86 0.8 0)
(0.87 0.8 0)
(0.88 0.8 0)
(0.89 0.8 0)
(0.9 0.8 0)
(0.91 0.8 0)
(0.92 0.8 0)
(0.93 0.8 0)
(0.94 0.8 0)
(0.95 0.8 0)
(0.96 0.8 0)
(0.97 0.8 0)
(0.98 0.8 0)
(0.99 0.8 0)
(1 0.8 0)
(1.02 0.4 -0.005)
(1.04 0.4 -0.005)
(1.06 0.4 -0.005)
(1.08 0.4 -0.005)
(1.1 0.4 -0.005)
(1.12 0.4 -0.005)
(1.14 0.4 -0.005)
(1.16 0.4 -0.005)
(1.18 0.4 -0.005)
(1.2 0.4 -0.005)
(1.22 0.4 -0.005)
(1.24 0.4 -0.005)
(1.26 0.4 -0.005)
(1.28 0.4 -0.005)
(1.3 0.4 -0.005)
(1.32 0.4 -0.005)
(1.34 0.4 -0.005)
(1.36 0.4 -0.005)
(1.38 0.4 -0.005)
(1.4 0.4 -0.005)
(1.42 0.4 -0.005)
(1.44 0.4 -0.005)
(1.46 0.4 -0.005)
(1.48 0.4 -0.005)
(1.5 0.4 -0.005)
(1.02 0.44 -0.005)
(1.04 0.44 -0.005)
(1.06 0.44 -0.005)
(1.08 0.44 -0.005)
(1.1 0.44 -0.005)
(1.12 0.44 -0.005)
(1.14 0.44 -0.005)
(1.16 0.44 -0.005)
(1.18 0.44 -0.005)
(1.2 0.44 -0.005)
(1.22 0.44 -0.005)
(1.24 0.44 -0.005)
(1.26 0.44 -0.005)
(1.28 0.44 -0.005)
(1.3 0.44 -0.005)
(1.32 0.44 -0.005)
(1.34 0.44 -0.005)
(1.36 0.44 -0.005)
(1.38 0.44 -0.005)
(1.4 0.44 -0.005)
(1.42 0.44 -0.005)
(1.44 0.44 -0.005)
(1.46 0.44 -0.005)
(1.48 0.44 -0.005)
(1.5 0.44 -0.005)
(1.02 0.48 -0.005)
(1.04 0.48 -0.005)
(1.06 0.48 -0.005)
(1.08 0.48 -0.005)
(1.1 0.48 -0.005)
(1.12 0.48 -0.005)
(1.14 0.48 -0.005)
(1.16 0.48 -0.005)
(1.18 0.48 -0.005)
(1.2 0.48 -0.005)
(1.22 0.48 -0.005)
(1.24 0.48 -0.005)
(1.26 0.48 -0.005)
(1.28 0.48 -0.005)
(1.3 0.48 -0.005)
(1.32 0.48 -0.005)
(1.34 0.48 -0.005)
(1.36 0.48 -0.005)
(1.38 0.48 -0.005)
(1.4 0.48 -0.005)
(1.42 0.48 -0.005)
(1.44 0.48 -0.005)
(1.46 0.48 -0.005)
(1.48 0.48 -0.005)
(1.5 0.48 -0.005)
(1.02 0.52 -0.005)
(1.04 0.52 -0.005)
(1.06 0.52 -0.005)
(1.08 0.52 -0.005)
(1.1 0.52 -0.005)
(1.12 0.52 -0.005)
(1.14 0.52 -0.005)
(1.16 0.52 -0.005)
(1.18 0.52 -0.005)
(1.2 0.52 -0.005)
(1.22 0.52 -0.005)
(1.24 0.52 -0.005)
(1.26 0.52 -0.005)
(1.28 0.52 -0.005)
(1.3 0.52 -0.005)
(1.32 0.52 -0.005)
(1.34 0.52 -0.005)
(1.36 0.52 -0.005)
(1.38 0.52 -0.005)
(1.4 0.52 -0.005)
(1.42 0.52 -0.005)
(1.44 0.52 -0.005)
(1.46 0.52 -0.005)
(1.48 0.52 -0.005)
(1.5 0.52 -0.005)
(1.02 0.56 -0.005)
(1.04 0.56 -0.005)
(1.06 0.56 -0.005)
(1.08 0.56 -0.005)
(1.1 0.56 -0.005)
(1.12 0.56 -0.005)
(1.14 0.56 -0.005)
(1.16 0.56 -0.005)
(1.18 0.56 -0.005)
(1.2 0.56 -0.005)
(1.22 0.56 -0.005)
(1.24 0.56 -0.005)
(1.26 0.56 -0.005)
(1.28 0.56 -0.005)
(1.3 0.56 -0.005)
(1.32 0.56 -0.005)
(1.34 0.56 -0.005)
(1.36 0.56 -0.005)
(1.38 0.56 -0.005)
(1.4 0.56 -0.005)
(1.42 0.56 -0.005)
(1.44 0.56 -0.005)
(1.46 0.56 -0.005)
(1.48 0.56 -0.005)
(1.5 0.56 -0.005)
(1.02 0.6 -0.005)
(1.04 0.6 -0.005)
(1.06 0.6 -0.005)
(1.08 0.6 -0.005)
(1.1 0.6 -0.005)
(1.12 0.6 -0.005)
(1.14 0.6 -0.005)
(1.16 0.6 -0.005)
(1.18 0.6 -0.005)
(1.2 0.6 -0.005)
(1.22 0.6 -0.005)
(1.24 0.6 -0.005)
(1.26 0.6 -0.005)
(1.28 0.6 -0.005)
(1.3 0.6 -0.005)
(1.32 0.6 -0.005)
(1.34 0.6 -0.005)
(1.36 0.6 -0.005)
(1.38 0.6 -0.005)
(1.4 0.6 -0.005)
(1.42 0.6 -0.005)
(1.44 0.6 -0.005)
(1.46 0.6 -0.005)
(1.48 0.6 -0.005)
(1.5 0.6 -0.005)
(1.02 0.64 -0.005)
(1.04 0.64 -0.005)
(1.06 0.64 -0.005)
(1.08 0.64 -0.005)
(1.1 0.64 -0.005)
(1.12 0.64 -0.005)
(1.14 0.64 -0.005)
(1.16 0.64 -0.005)
(1.18 0.64 -0.005)
(1.2 0.64 -0.005)
(1.22 0.64 -0.005)
(1.24 0.64 -0.005)
(1.26 0.64 -0.005)
(1.28 0.64 -0.005)
(1.3 0.64 -0.005)
(1.32 0.64 -0.005)
(1.34 0.64 -0.005)
(1.36 0.64 -0.005)
(1.38 0.64 -0.005)
(1.4 0.64 -0.005)
(1.42 0.64 -0.005)
(1.44 0.64 -0.005)
(1.46 0.64 -0.005)
(1.48 0.64 -0.005)
(1.5 0.64 -0.005)
(1.02 0.68 -0.005)
(1.04 0.68 -0.005)
(1.06 0.68 -0.005)
(1.08 0.68 -0.005)
(1.1 0.68 -0.005)
(1.12 0.68 -0.005)
(1.14 0.68 -0.005)
(1.16 0.68 -0.005)
(1.18 0.68 -0.005)
(1.2 0.68 -0.005)
(1.22 0.68 -0.005)
(1.24 0.68 -0.005)
(1.26 0.68 -0.005)
(1.28 0.68 -0.005)
(1.3 0.68 -0.005)
(1.32 0.68 -0.005)
(1.34 0.68 -0.005)
(1.36 0.68 -0.005)
(1.38 0.68 -0.005)
(1.4 0.68 -0.005)
(1.42 0.68 -0.005)
(1.44 0.68 -0.005)
(1.46 0.68 -0.005)
(1.48 0.68 -0.005)
(1.5 0.68 -0.005)
(1.02 0.72 -0.005)
(1.04 0.72 -0.005)
(1.06 0.72 -0.005)
(1.08 0.72 -0.005)
(1.1 0.72 -0.005)
(1.12 0.72 -0.005)
(1.14 0.72 -0.005)
(1.16 0.72 -0.005)
(1.18 0.72 -0.005)
(1.2 0.72 -0.005)
(1.22 0.72 -0.005)
(1.24 0.72 -0.005)
(1.26 0.72 -0.005)
(1.28 0.72 -0.005)
(1.3 0.72 -0.005)
(1.32 0.72 -0.005)
(1.34 0.72 -0.005)
(1.36 0.72 -0.005)
(1.38 0.72 -0.005)
(1.4 0.72 -0.005)
(1.42 0.72 -0.005)
(1.44 0.72 -0.005)
(1.46 0.72 -0.005)
(1.48 0.72 -0.005)
(1.5 0.72 -0.005)
(1.02 0.76 -0.005)
(1.04 0.76 -0.005)
(1.06 0.76 -0.005)
(1.08 0.76 -0.005)
(1.1 0.76 -0.005)
(1.12 0.76 -0.005)
(1.14 0.76 -0.005)
(1.16 0.76 -0.005)
(1.18 0.76 -0.005)
(1.2 0.76 -0.005)
(1.22 0.76 -0.005)
(1.24 0.76 -0.005)
(1.26 0.76 -0.005)
(1.28 0.76 -0.005)
(1.3 0.76 -0.005)
(1.32 0.76 -0.005)
(1.34 0.76 -0.005)
(1.36 0.76 -0.005)
(1.38 0.76 -0.005)
(1.4 0.76 -0.005)
(1.42 0.76 -0.005)
(1.44 0.76 -0.005)
(1.46 0.76 -0.005)
(1.48 0.76 -0.005)
(1.5 0.76 -0.005)
(1.02 0.8 -0.005)
(1.04 0.8 -0.005)
(1.06 0.8 -0.005)
(1.08 0.8 -0.005)
(1.1 0.8 -0.005)
(1.12 0.8 -0.005)
(1.14 0.8 -0.005)
(1.16 0.8 -0.005)
(1.18 0.8 -0.005)
(1.2 0.8 -0.005)
(1.22 0.8 -0.005)
(1.24 0.8 -0.005)
(1.26 0.8 -0.005)
(1.28 0.8 -0.005)
(1.3 0.8 -0.005)
(1.32 0.8 -0.005)
(1.34 0.8 -0.005)
(1.36 0.8 -0.005)
(1.38 0.8 -0.005)
(1.4 0.8 -0.005)
(1.42 0.8 -0.005)
(1.44 0.8 -0.005)
(1.46 0.8 -0.005)
(1.48 0.8 -0.005)
(1.5 0.8 -0.005)
(1.02 0.4 0)
(1.04 0.4 0)
(1.06 0.4 0)
(1.08 0.4 0)
(1.1 0.4 0)
(1.12 0.4 0)
(1.14 0.4 0)
(1.16 0.4 0)
(1.18 0.4 0)
(1.2 0.4 0)
(1.22 0.4 0)
(1.24 0.4 0)
(1.26 0.4 0)
(1.28 0.4 0)
(1.3 0.4 0)
(1.32 0.4 0)
(1.34 0.4 0)
(1.36 0.4 0)
(1.38 0.4 0)
(1.4 0.4 0)
(1.42 0.4 0)
(1.44 0.4 0)
(1.46 0.4 0)
(1.48 0.4 0)
(1.5 0.4 0)
(1.02 0.44 0)
(1.04 0.44 0)
(1.06 0.44 0)
(1.08 0.44 0)
(1.1 0.44 0)
(1.12 0.44 0)
(1.14 0.44 0)
(1.16 0.44 0)
(1.18 0.44 0)
(1.2 0.44 0)
(1.22 0.44 0)
(1.24 0.44 0)
(1.26 0.44 0)
(1.28 0.44 0)
(1.3 0.44 0)
(1.32 0.44 0)
(1.34 0.44 0)
(1.36 0.44 0)
(1.38 0.44 0)
(1.4 0.44 0)
(1.42 0.44 0)
(1.44 0.44 0)
(1.46 0.44 0)
(1.48 0.44 0)
(1.5 0.44 0)
(1.02 0.48 0)
(1.04 0.48 0)
(1.06 0.48 0)
(1.08 0.48 0)
(1.1 0.48 0)
(1.12 0.48 0)
(1.14 0.48 0)
(1.16 0.48 0)
(1.18 0.48 0)
(1.2 0.48 0)
(1.22 0.48 0)
(1.24 0.48 0)
(1.26 0.48 0)
(1.28 0.48 0)
(1.3 0.48 0)
(1.32 0.48 0)
(1.34 0.48 0)
(1.36 0.48 0)
(1.38 0.48 0)
(1.4 0.48 0)
(1.42 0.48 0)
(1.44 0.48 0)
(1.46 0.48 0)
(1.48 0.48 0)
(1.5 0.48 0)
(1.02 0.52 0)
(1.04 0.52 0)
(1.06 0.52 0)
(1.08 0.52 0)
(1.1 0.52 0)
(1.12 0.52 0)
(1.14 0.52 0)
(1.16 0.52 0)
(1.18 0.52 0)
(1.2 0.52 0)
(1.22 0.52 0)
(1.24 0.52 0)
(1.26 0.52 0)
(1.28 0.52 0)
(1.3 0.52 0)
(1.32 0.52 0)
(1.34 0.52 0)
(1.36 0.52 0)
(1.38 0.52 0)
(1.4 0.52 0)
(1.42 0.52 0)
(1.44 0.52 0)
(1.46 0.52 0)
(1.48 0.52 0)
(1.5 0.52 0)
(1.02 0.56 0)
(1.04 0.56 0)
(1.06 0.56 0)
(1.08 0.56 0)
(1.1 0.56 0)
(1.12 0.56 0)
(1.14 0.56 0)
(1.16 0.56 0)
(1.18 0.56 0)
(1.2 0.56 0)
(1.22 0.56 0)
(1.24 0.56 0)
(1.26 0.56 0)
(1.28 0.56 0)
(1.3 0.56 0)
(1.32 0.56 0)
(1.34 0.56 0)
(1.36 0.56 0)
(1.38 0.56 0)
(1.4 0.56 0)
(1.42 0.56 0)
(1.44 0.56 0)
(1.46 0.56 0)
(1.48 0.56 0)
(1.5 0.56 0)
(1.02 0.6 0)
(1.04 0.6 0)
(1.06 0.6 0)
(1.08 0.6 0)
(1.1 0.6 0)
(1.12 0.6 0)
(1.14 0.6 0)
(1.16 0.6 0)
(1.18 0.6 0)
(1.2 0.6 0)
(1.22 0.6 0)
(1.24 0.6 0)
(1.26 0.6 0)
(1.28 0.6 0)
(1.3 0.6 0)
(1.32 0.6 0)
(1.34 0.6 0)
(1.36 0.6 0)
(1.38 0.6 0)
(1.4 0.6 0)
(1.42 0.6 0)
(1.44 0.6 0)
(1.46 0.6 0)
(1.48 0.6 0)
(1.5 0.6 0)
(1.02 0.64 0)
(1.04 0.64 0)
(1.06 0.64 0)
(1.08 0.64 0)
(1.1 0.64 0)
(1.12 0.64 0)
(1.14 0.64 0)
(1.16 0.64 0)
(1.18 0.64 0)
(1.2 0.64 0)
(1.22 0.64 0)
(1.24 0.64 0)
(1.26 0.64 0)
(1.28 0.64 0)
(1.3 0.64 0)
(1.32 0.64 0)
(1.34 0.64 0)
(1.36 0.64 0)
(1.38 0.64 0)
(1.4 0.64 0)
(1.42 0.64 0)
(1.44 0.64 0)
(1.46 0.64 0)
(1.48 0.64 0)
(1.5 0.64 0)
(1.02 0.68 0)
(1.04 0.68 0)
(1.06 0.68 0)
(1.08 0.68 0)
(1.1 0.68 0)
(1.12 0.68 0)
(1.14 0.68 0)
(1.16 0.68 0)
(1.18 0.68 0)
(1.2 0.68 0)
(1.22 0.68 0)
(1.24 0.68 0)
(1.26 0.68 0)
(1.28 0.68 0)
(1.3 0.68 0)
(1.32 0.68 0)
(1.34 0.68 0)
(1.36 0.68 0)
(1.38 0.68 0)
(1.4 0.68 0)
(1.42 0.68 0)
(1.44 0.68 0)
(1.46 0.68 0)
(1.48 0.68 0)
(1.5 0.68 0)
(1.02 0.72 0)
(1.04 0.72 0)
(1.06 0.72 0)
(1.08 0.72 0)
(1.1 0.72 0)
(1.12 0.72 0)
(1.14 0.72 0)
(1.16 0.72 0)
(1.18 0.72 0)
(1.2 0.72 0)
(1.22 0.72 0)
(1.24 0.72 0)
(1.26 0.72 0)
(1.28 0.72 0)
(1.3 0.72 0)
(1.32 0.72 0)
(1.34 0.72 0)
(1.36 0.72 0)
(1.38 0.72 0)
(1.4 0.72 0)
(1.42 0.72 0)
(1.44 0.72 0)
(1.46 0.72 0)
(1.48 0.72 0)
(1.5 0.72 0)
(1.02 0.76 0)
(1.04 0.76 0)
(1.06 0.76 0)
(1.08 0.76 0)
(1.1 0.76 0)
(1.12 0.76 0)
(1.14 0.76 0)
(1.16 0.76 0)
(1.18 0.76 0)
(1.2 0.76 0)
(1.22 0.76 0)
(1.24 0.76 0)
(1.26 0.76 0)
(1.28 0.76 0)
(1.3 0.76 0)
(1.32 0.76 0)
(1.34 0.76 0)
(1.36 0.76 0)
(1.38 0.76 0)
(1.4 0.76 0)
(1.42 0.76 0)
(1.44 0.76 0)
(1.46 0.76 0)
(1.48 0.76 0)
(1.5 0.76 0)
(1.02 0.8 0)
(1.04 0.8 0)
(1.06 0.8 0)
(1.08 0.8 0)
(1.1 0.8 0)
(1.12 0.8 0)
(1.14 0.8 0)
(1.16 0.8 0)
(1.18 0.8 0)
(1.2 0.8 0)
(1.22 0.8 0)
(1.24 0.8 0)
(1.26 0.8 0)
(1.28 0.8 0)
(1.3 0.8 0)
(1.32 0.8 0)
(1.34 0.8 0)
(1.36 0.8 0)
(1.38 0.8 0)
(1.4 0.8 0)
(1.42 0.8 0)
(1.44 0.8 0)
(1.46 0.8 0)
(1.48 0.8 0)
(1.5 0.8 0)
(1 0.2 -0.005)
(1.02 0.2 -0.005)
(1.04 0.2 -0.005)
(1.06 0.2 -0.005)
(1.08 0.2 -0.005)
(1.1 0.2 -0.005)
(1.12 0.2 -0.005)
(1.14 0.2 -0.005)
(1.16 0.2 -0.005)
(1.18 0.2 -0.005)
(1.2 0.2 -0.005)
(1.22 0.2 -0.005)
(1.24 0.2 -0.005)
(1.26 0.2 -0.005)
(1.28 0.2 -0.005)
(1.3 0.2 -0.005)
(1.32 0.2 -0.005)
(1.34 0.2 -0.005)
(1.36 0.2 -0.005)
(1.38 0.2 -0.005)
(1.4 0.2 -0.005)
(1.42 0.2 -0.005)
(1.44 0.2 -0.005)
(1.46 0.2 -0.005)
(1.48 0.2 -0.005)
(1.5 0.2 -0.005)
(1 0.24 -0.005)
(1.02 0.24 -0.005)
(1.04 0.24 -0.005)
(1.06 0.24 -0.005)
(1.08 0.24 -0.005)
(1.1 0.24 -0.005)
(1.12 0.24 -0.005)
(1.14 0.24 -0.005)
(1.16 0.24 -0.005)
(1.18 0.24 -0.005)
(1.2 0.24 -0.005)
(1.22 0.24 -0.005)
(1.24 0.24 -0.005)
(1.26 0.24 -0.005)
(1.28 0.24 -0.005)
(1.3 0.24 -0.005)
(1.32 0.24 -0.005)
(1.34 0.24 -0.005)
(1.36 0.24 -0.005)
(1.38 0.24 -0.005)
(1.4 0.24 -0.005)
(1.42 0.24 -0.005)
(1.44 0.24 -0.005)
(1.46 0.24 -0.005)
(1.48 0.24 -0.005)
(1.5 0.24 -0.005)
(1 0.28 -0.005)
(1.02 0.28 -0.005)
(1.04 0.28 -0.005)
(1.06 0.28 -0.005)
(1.08 0.28 -0.005)
(1.1 0.28 -0.005)
(1.12 0.28 -0.005)
(1.14 0.28 -0.005)
(1.16 0.28 -0.005)
(1.18 0.28 -0.005)
(1.2 0.28 -0.005)
(1.22 0.28 -0.005)
(1.24 0.28 -0.005)
(1.26 0.28 -0.005)
(1.28 0.28 -0.005)
(1.3 0.28 -0.005)
(1.32 0.28 -0.005)
(1.34 0.28 -0.005)
(1.36 0.28 -0.005)
(1.38 0.28 -0.005)
(1.4 0.28 -0.005)
(1.42 0.28 -0.005)
(1.44 0.28 -0.005)
(1.46 0.28 -0.005)
(1.48 0.28 -0.005)
(1.5 0.28 -0.005)
(1 0.32 -0.005)
(1.02 0.32 -0.005)
(1.04 0.32 -0.005)
(1.06 0.32 -0.005)
(1.08 0.32 -0.005)
(1.1 0.32 -0.005)
(1.12 0.32 -0.005)
(1.14 0.32 -0.005)
(1.16 0.32 -0.005)
(1.18 0.32 -0.005)
(1.2 0.32 -0.005)
(1.22 0.32 -0.005)
(1.24 0.32 -0.005)
(1.26 0.32 -0.005)
(1.28 0.32 -0.005)
(1.3 0.32 -0.005)
(1.32 0.32 -0.005)
(1.34 0.32 -0.005)
(1.36 0.32 -0.005)
(1.38 0.32 -0.005)
(1.4 0.32 -0.005)
(1.42 0.32 -0.005)
(1.44 0.32 -0.005)
(1.46 0.32 -0.005)
(1.48 0.32 -0.005)
(1.5 0.32 -0.005)
(1 0.36 -0.005)
(1.02 0.36 -0.005)
(1.04 0.36 -0.005)
(1.06 0.36 -0.005)
(1.08 0.36 -0.005)
(1.1 0.36 -0.005)
(1.12 0.36 -0.005)
(1.14 0.36 -0.005)
(1.16 0.36 -0.005)
(1.18 0.36 -0.005)
(1.2 0.36 -0.005)
(1.22 0.36 -0.005)
(1.24 0.36 -0.005)
(1.26 0.36 -0.005)
(1.28 0.36 -0.005)
(1.3 0.36 -0.005)
(1.32 0.36 -0.005)
(1.34 0.36 -0.005)
(1.36 0.36 -0.005)
(1.38 0.36 -0.005)
(1.4 0.36 -0.005)
(1.42 0.36 -0.005)
(1.44 0.36 -0.005)
(1.46 0.36 -0.005)
(1.48 0.36 -0.005)
(1.5 0.36 -0.005)
(1 0.2 0)
(1.02 0.2 0)
(1.04 0.2 0)
(1.06 0.2 0)
(1.08 0.2 0)
(1.1 0.2 0)
(1.12 0.2 0)
(1.14 0.2 0)
(1.16 0.2 0)
(1.18 0.2 0)
(1.2 0.2 0)
(1.22 0.2 0)
(1.24 0.2 0)
(1.26 0.2 0)
(1.28 0.2 0)
(1.3 0.2 0)
(1.32 0.2 0)
(1.34 0.2 0)
(1.36 0.2 0)
(1.38 0.2 0)
(1.4 0.2 0)
(1.42 0.2 0)
(1.44 0.2 0)
(1.46 0.2 0)
(1.48 0.2 0)
(1.5 0.2 0)
(1 0.24 0)
(1.02 0.24 0)
(1.04 0.24 0)
(1.06 0.24 0)
(1.08 0.24 0)
(1.1 0.24 0)
(1.12 0.24 0)
(1.14 0.24 0)
(1.16 0.24 0)
(1.18 0.24 0)
(1.2 0.24 0)
(1.22 0.24 0)
(1.24 0.24 0)
(1.26 0.24 0)
(1.28 0.24 0)
(1.3 0.24 0)
(1.32 0.24 0)
(1.34 0.24 0)
(1.36 0.24 0)
(1.38 0.24 0)
(1.4 0.24 0)
(1.42 0.24 0)
(1.44 0.24 0)
(1.46 0.24 0)
(1.48 0.24 0)
(1.5 0.24 0)
(1 0.28 0)
(1.02 0.28 0)
(1.04 0.28 0)
(1.06 0.28 0)
(1.08 0.28 0)
(1.1 0.28 0)
(1.12 0.28 0)
(1.14 0.28 0)
(1.16 0.28 0)
(1.18 0.28 0)
(1.2 0.28 0)
(1.22 0.28 0)
(1.24 0.28 0)
(1.26 0.28 0)
(1.28 0.28 0)
(1.3 0.28 0)
(1.32 0.28 0)
(1.34 0.28 0)
(1.36 0.28 0)
(1.38 0.28 0)
(1.4 0.28 0)
(1.42 0.28 0)
(1.44 0.28 0)
(1.46 0.28 0)
(1.48 0.28 0)
(1.5 0.28 0)
(1 0.32 0)
(1.02 0.32 0)
(1.04 0.32 0)
(1.06 0.32 0)
(1.08 0.32 0)
(1.1 0.32 0)
(1.12 0.32 0)
(1.14 0.32 0)
(1.16 0.32 0)
(1.18 0.32 0)
(1.2 0.32 0)
(1.22 0.32 0)
(1.24 0.32 0)
(1.26 0.32 0)
(1.28 0.32 0)
(1.3 0.32 0)
(1.32 0.32 0)
(1.34 0.32 0)
(1.36 0.32 0)
(1.38 0.32 0)
(1.4 0.32 0)
(1.42 0.32 0)
(1.44 0.32 0)
(1.46 0.32 0)
(1.48 0.32 0)
(1.5 0.32 0)
(1 0.36 0)
(1.02 0.36 0)
(1.04 0.36 0)
(1.06 0.36 0)
(1.08 0.36 0)
(1.1 0.36 0)
(1.12 0.36 0)
(1.14 0.36 0)
(1.16 0.36 0)
(1.18 0.36 0)
(1.2 0.36 0)
(1.22 0.36 0)
(1.24 0.36 0)
(1.26 0.36 0)
(1.28 0.36 0)
(1.3 0.36 0)
(1.32 0.36 0)
(1.34 0.36 0)
(1.36 0.36 0)
(1.38 0.36 0)
(1.4 0.36 0)
(1.42 0.36 0)
(1.44 0.36 0)
(1.46 0.36 0)
(1.48 0.36 0)
(1.5 0.36 0)
(1.54 0.4 -0.005)
(1.58 0.4 -0.005)
(1.62 0.4 -0.005)
(1.66 0.4 -0.005)
(1.7 0.4 -0.005)
(1.74 0.4 -0.005)
(1.78 0.4 -0.005)
(1.82 0.4 -0.005)
(1.86 0.4 -0.005)
(1.9 0.4 -0.005)
(1.94 0.4 -0.005)
(1.98 0.4 -0.005)
(2.02 0.4 -0.005)
(2.06 0.4 -0.005)
(2.1 0.4 -0.005)
(2.14 0.4 -0.005)
(2.18 0.4 -0.005)
(2.22 0.4 -0.005)
(2.26 0.4 -0.005)
(2.3 0.4 -0.005)
(2.34 0.4 -0.005)
(2.38 0.4 -0.005)
(2.42 0.4 -0.005)
(2.46 0.4 -0.005)
(2.5 0.4 -0.005)
(1.54 0.44 -0.005)
(1.58 0.44 -0.005)
(1.62 0.44 -0.005)
(1.66 0.44 -0.005)
(1.7 0.44 -0.005)
(1.74 0.44 -0.005)
(1.78 0.44 -0.005)
(1.82 0.44 -0.005)
(1.86 0.44 -0.005)
(1.9 0.44 -0.005)
(1.94 0.44 -0.005)
(1.98 0.44 -0.005)
(2.02 0.44 -0.005)
(2.06 0.44 -0.005)
(2.1 0.44 -0.005)
(2.14 0.44 -0.005)
(2.18 0.44 -0.005)
(2.22 0.44 -0.005)
(2.26 0.44 -0.005)
(2.3 0.44 -0.005)
(2.34 0.44 -0.005)
(2.38 0.44 -0.005)
(2.42 0.44 -0.005)
(2.46 0.44 -0.005)
(2.5 0.44 -0.005)
(1.54 0.48 -0.005)
(1.58 0.48 -0.005)
(1.62 0.48 -0.005)
(1.66 0.48 -0.005)
(1.7 0.48 -0.005)
(1.74 0.48 -0.005)
(1.78 0.48 -0.005)
(1.82 0.48 -0.005)
(1.86 0.48 -0.005)
(1.9 0.48 -0.005)
(1.94 0.48 -0.005)
(1.98 0.48 -0.005)
(2.02 0.48 -0.005)
(2.06 0.48 -0.005)
(2.1 0.48 -0.005)
(2.14 0.48 -0.005)
(2.18 0.48 -0.005)
(2.22 0.48 -0.005)
(2.26 0.48 -0.005)
(2.3 0.48 -0.005)
(2.34 0.48 -0.005)
(2.38 0.48 -0.005)
(2.42 0.48 -0.005)
(2.46 0.48 -0.005)
(2.5 0.48 -0.005)
(1.54 0.52 -0.005)
(1.58 0.52 -0.005)
(1.62 0.52 -0.005)
(1.66 0.52 -0.005)
(1.7 0.52 -0.005)
(1.74 0.52 -0.005)
(1.78 0.52 -0.005)
(1.82 0.52 -0.005)
(1.86 0.52 -0.005)
(1.9 0.52 -0.005)
(1.94 0.52 -0.005)
(1.98 0.52 -0.005)
(2.02 0.52 -0.005)
(2.06 0.52 -0.005)
(2.1 0.52 -0.005)
(2.14 0.52 -0.005)
(2.18 0.52 -0.005)
(2.22 0.52 -0.005)
(2.26 0.52 -0.005)
(2.3 0.52 -0.005)
(2.34 0.52 -0.005)
(2.38 0.52 -0.005)
(2.42 0.52 -0.005)
(2.46 0.52 -0.005)
(2.5 0.52 -0.005)
(1.54 0.56 -0.005)
(1.58 0.56 -0.005)
(1.62 0.56 -0.005)
(1.66 0.56 -0.005)
(1.7 0.56 -0.005)
(1.74 0.56 -0.005)
(1.78 0.56 -0.005)
(1.82 0.56 -0.005)
(1.86 0.56 -0.005)
(1.9 0.56 -0.005)
(1.94 0.56 -0.005)
(1.98 0.56 -0.005)
(2.02 0.56 -0.005)
(2.06 0.56 -0.005)
(2.1 0.56 -0.005)
(2.14 0.56 -0.005)
(2.18 0.56 -0.005)
(2.22 0.56 -0.005)
(2.26 0.56 -0.005)
(2.3 0.56 -0.005)
(2.34 0.56 -0.005)
(2.38 0.56 -0.005)
(2.42 0.56 -0.005)
(2.46 0.56 -0.005)
(2.5 0.56 -0.005)
(1.54 0.6 -0.005)
(1.58 0.6 -0.005)
(1.62 0.6 -0.005)
(1.66 0.6 -0.005)
(1.7 0.6 -0.005)
(1.74 0.6 -0.005)
(1.78 0.6 -0.005)
(1.82 0.6 -0.005)
(1.86 0.6 -0.005)
(1.9 0.6 -0.005)
(1.94 0.6 -0.005)
(1.98 0.6 -0.005)
(2.02 0.6 -0.005)
(2.06 0.6 -0.005)
(2.1 0.6 -0.005)
(2.14 0.6 -0.005)
(2.18 0.6 -0.005)
(2.22 0.6 -0.005)
(2.26 0.6 -0.005)
(2.3 0.6 -0.005)
(2.34 0.6 -0.005)
(2.38 0.6 -0.005)
(2.42 0.6 -0.005)
(2.46 0.6 -0.005)
(2.5 0.6 -0.005)
(1.54 0.64 -0.005)
(1.58 0.64 -0.005)
(1.62 0.64 -0.005)
(1.66 0.64 -0.005)
(1.7 0.64 -0.005)
(1.74 0.64 -0.005)
(1.78 0.64 -0.005)
(1.82 0.64 -0.005)
(1.86 0.64 -0.005)
(1.9 0.64 -0.005)
(1.94 0.64 -0.005)
(1.98 0.64 -0.005)
(2.02 0.64 -0.005)
(2.06 0.64 -0.005)
(2.1 0.64 -0.005)
(2.14 0.64 -0.005)
(2.18 0.64 -0.005)
(2.22 0.64 -0.005)
(2.26 0.64 -0.005)
(2.3 0.64 -0.005)
(2.34 0.64 -0.005)
(2.38 0.64 -0.005)
(2.42 0.64 -0.005)
(2.46 0.64 -0.005)
(2.5 0.64 -0.005)
(1.54 0.68 -0.005)
(1.58 0.68 -0.005)
(1.62 0.68 -0.005)
(1.66 0.68 -0.005)
(1.7 0.68 -0.005)
(1.74 0.68 -0.005)
(1.78 0.68 -0.005)
(1.82 0.68 -0.005)
(1.86 0.68 -0.005)
(1.9 0.68 -0.005)
(1.94 0.68 -0.005)
(1.98 0.68 -0.005)
(2.02 0.68 -0.005)
(2.06 0.68 -0.005)
(2.1 0.68 -0.005)
(2.14 0.68 -0.005)
(2.18 0.68 -0.005)
(2.22 0.68 -0.005)
(2.26 0.68 -0.005)
(2.3 0.68 -0.005)
(2.34 0.68 -0.005)
(2.38 0.68 -0.005)
(2.42 0.68 -0.005)
(2.46 0.68 -0.005)
(2.5 0.68 -0.005)
(1.54 0.72 -0.005)
(1.58 0.72 -0.005)
(1.62 0.72 -0.005)
(1.66 0.72 -0.005)
(1.7 0.72 -0.005)
(1.74 0.72 -0.005)
(1.78 0.72 -0.005)
(1.82 0.72 -0.005)
(1.86 0.72 -0.005)
(1.9 0.72 -0.005)
(1.94 0.72 -0.005)
(1.98 0.72 -0.005)
(2.02 0.72 -0.005)
(2.06 0.72 -0.005)
(2.1 0.72 -0.005)
(2.14 0.72 -0.005)
(2.18 0.72 -0.005)
(2.22 0.72 -0.005)
(2.26 0.72 -0.005)
(2.3 0.72 -0.005)
(2.34 0.72 -0.005)
(2.38 0.72 -0.005)
(2.42 0.72 -0.005)
(2.46 0.72 -0.005)
(2.5 0.72 -0.005)
(1.54 0.76 -0.005)
(1.58 0.76 -0.005)
(1.62 0.76 -0.005)
(1.66 0.76 -0.005)
(1.7 0.76 -0.005)
(1.74 0.76 -0.005)
(1.78 0.76 -0.005)
(1.82 0.76 -0.005)
(1.86 0.76 -0.005)
(1.9 0.76 -0.005)
(1.94 0.76 -0.005)
(1.98 0.76 -0.005)
(2.02 0.76 -0.005)
(2.06 0.76 -0.005)
(2.1 0.76 -0.005)
(2.14 0.76 -0.005)
(2.18 0.76 -0.005)
(2.22 0.76 -0.005)
(2.26 0.76 -0.005)
(2.3 0.76 -0.005)
(2.34 0.76 -0.005)
(2.38 0.76 -0.005)
(2.42 0.76 -0.005)
(2.46 0.76 -0.005)
(2.5 0.76 -0.005)
(1.54 0.8 -0.005)
(1.58 0.8 -0.005)
(1.62 0.8 -0.005)
(1.66 0.8 -0.005)
(1.7 0.8 -0.005)
(1.74 0.8 -0.005)
(1.78 0.8 -0.005)
(1.82 0.8 -0.005)
(1.86 0.8 -0.005)
(1.9 0.8 -0.005)
(1.94 0.8 -0.005)
(1.98 0.8 -0.005)
(2.02 0.8 -0.005)
(2.06 0.8 -0.005)
(2.1 0.8 -0.005)
(2.14 0.8 -0.005)
(2.18 0.8 -0.005)
(2.22 0.8 -0.005)
(2.26 0.8 -0.005)
(2.3 0.8 -0.005)
(2.34 0.8 -0.005)
(2.38 0.8 -0.005)
(2.42 0.8 -0.005)
(2.46 0.8 -0.005)
(2.5 0.8 -0.005)
(1.54 0.4 0)
(1.58 0.4 0)
(1.62 0.4 0)
(1.66 0.4 0)
(1.7 0.4 0)
(1.74 0.4 0)
(1.78 0.4 0)
(1.82 0.4 0)
(1.86 0.4 0)
(1.9 0.4 0)
(1.94 0.4 0)
(1.98 0.4 0)
(2.02 0.4 0)
(2.06 0.4 0)
(2.1 0.4 0)
(2.14 0.4 0)
(2.18 0.4 0)
(2.22 0.4 0)
(2.26 0.4 0)
(2.3 0.4 0)
(2.34 0.4 0)
(2.38 0.4 0)
(2.42 0.4 0)
(2.46 0.4 0)
(2.5 0.4 0)
(1.54 0.44 0)
(1.58 0.44 0)
(1.62 0.44 0)
(1.66 0.44 0)
(1.7 0.44 0)
(1.74 0.44 0)
(1.78 0.44 0)
(1.82 0.44 0)
(1.86 0.44 0)
(1.9 0.44 0)
(1.94 0.44 0)
(1.98 0.44 0)
(2.02 0.44 0)
(2.06 0.44 0)
(2.1 0.44 0)
(2.14 0.44 0)
(2.18 0.44 0)
(2.22 0.44 0)
(2.26 0.44 0)
(2.3 0.44 0)
(2.34 0.44 0)
(2.38 0.44 0)
(2.42 0.44 0)
(2.46 0.44 0)
(2.5 0.44 0)
(1.54 0.48 0)
(1.58 0.48 0)
(1.62 0.48 0)
(1.66 0.48 0)
(1.7 0.48 0)
(1.74 0.48 0)
(1.78 0.48 0)
(1.82 0.48 0)
(1.86 0.48 0)
(1.9 0.48 0)
(1.94 0.48 0)
(1.98 0.48 0)
(2.02 0.48 0)
(2.06 0.48 0)
(2.1 0.48 0)
(2.14 0.48 0)
(2.18 0.48 0)
(2.22 0.48 0)
(2.26 0.48 0)
(2.3 0.48 0)
(2.34 0.48 0)
(2.38 0.48 0)
(2.42 0.48 0)
(2.46 0.48 0)
(2.5 0.48 0)
(1.54 0.52 0)
(1.58 0.52 0)
(1.62 0.52 0)
(1.66 0.52 0)
(1.7 0.52 0)
(1.74 0.52 0)
(1.78 0.52 0)
(1.82 0.52 0)
(1.86 0.52 0)
(1.9 0.52 0)
(1.94 0.52 0)
(1.98 0.52 0)
(2.02 0.52 0)
(2.06 0.52 0)
(2.1 0.52 0)
(2.14 0.52 0)
(2.18 0.52 0)
(2.22 0.52 0)
(2.26 0.52 0)
(2.3 0.52 0)
(2.34 0.52 0)
(2.38 0.52 0)
(2.42 0.52 0)
(2.46 0.52 0)
(2.5 0.52 0)
(1.54 0.56 0)
(1.58 0.56 0)
(1.62 0.56 0)
(1.66 0.56 0)
(1.7 0.56 0)
(1.74 0.56 0)
(1.78 0.56 0)
(1.82 0.56 0)
(1.86 0.56 0)
(1.9 0.56 0)
(1.94 0.56 0)
(1.98 0.56 0)
(2.02 0.56 0)
(2.06 0.56 0)
(2.1 0.56 0)
(2.14 0.56 0)
(2.18 0.56 0)
(2.22 0.56 0)
(2.26 0.56 0)
(2.3 0.56 0)
(2.34 0.56 0)
(2.38 0.56 0)
(2.42 0.56 0)
(2.46 0.56 0)
(2.5 0.56 0)
(1.54 0.6 0)
(1.58 0.6 0)
(1.62 0.6 0)
(1.66 0.6 0)
(1.7 0.6 0)
(1.74 0.6 0)
(1.78 0.6 0)
(1.82 0.6 0)
(1.86 0.6 0)
(1.9 0.6 0)
(1.94 0.6 0)
(1.98 0.6 0)
(2.02 0.6 0)
(2.06 0.6 0)
(2.1 0.6 0)
(2.14 0.6 0)
(2.18 0.6 0)
(2.22 0.6 0)
(2.26 0.6 0)
(2.3 0.6 0)
(2.34 0.6 0)
(2.38 0.6 0)
(2.42 0.6 0)
(2.46 0.6 0)
(2.5 0.6 0)
(1.54 0.64 0)
(1.58 0.64 0)
(1.62 0.64 0)
(1.66 0.64 0)
(1.7 0.64 0)
(1.74 0.64 0)
(1.78 0.64 0)
(1.82 0.64 0)
(1.86 0.64 0)
(1.9 0.64 0)
(1.94 0.64 0)
(1.98 0.64 0)
(2.02 0.64 0)
(2.06 0.64 0)
(2.1 0.64 0)
(2.14 0.64 0)
(2.18 0.64 0)
(2.22 0.64 0)
(2.26 0.64 0)
(2.3 0.64 0)
(2.34 0.64 0)
(2.38 0.64 0)
(2.42 0.64 0)
(2.46 0.64 0)
(2.5 0.64 0)
(1.54 0.68 0)
(1.58 0.68 0)
(1.62 0.68 0)
(1.66 0.68 0)
(1.7 0.68 0)
(1.74 0.68 0)
(1.78 0.68 0)
(1.82 0.68 0)
(1.86 0.68 0)
(1.9 0.68 0)
(1.94 0.68 0)
(1.98 0.68 0)
(2.02 0.68 0)
(2.06 0.68 0)
(2.1 0.68 0)
(2.14 0.68 0)
(2.18 0.68 0)
(2.22 0.68 0)
(2.26 0.68 0)
(2.3 0.68 0)
(2.34 0.68 0)
(2.38 0.68 0)
(2.42 0.68 0)
(2.46 0.68 0)
(2.5 0.68 0)
(1.54 0.72 0)
(1.58 0.72 0)
(1.62 0.72 0)
(1.66 0.72 0)
(1.7 0.72 0)
(1.74 0.72 0)
(1.78 0.72 0)
(1.82 0.72 0)
(1.86 0.72 0)
(1.9 0.72 0)
(1.94 0.72 0)
(1.98 0.72 0)
(2.02 0.72 0)
(2.06 0.72 0)
(2.1 0.72 0)
(2.14 0.72 0)
(2.18 0.72 0)
(2.22 0.72 0)
(2.26 0.72 0)
(2.3 0.72 0)
(2.34 0.72 0)
(2.38 0.72 0)
(2.42 0.72 0)
(2.46 0.72 0)
(2.5 0.72 0)
(1.54 0.76 0)
(1.58 0.76 0)
(1.62 0.76 0)
(1.66 0.76 0)
(1.7 0.76 0)
(1.74 0.76 0)
(1.78 0.76 0)
(1.82 0.76 0)
(1.86 0.76 0)
(1.9 0.76 0)
(1.94 0.76 0)
(1.98 0.76 0)
(2.02 0.76 0)
(2.06 0.76 0)
(2.1 0.76 0)
(2.14 0.76 0)
(2.18 0.76 0)
(2.22 0.76 0)
(2.26 0.76 0)
(2.3 0.76 0)
(2.34 0.76 0)
(2.38 0.76 0)
(2.42 0.76 0)
(2.46 0.76 0)
(2.5 0.76 0)
(1.54 0.8 0)
(1.58 0.8 0)
(1.62 0.8 0)
(1.66 0.8 0)
(1.7 0.8 0)
(1.74 0.8 0)
(1.78 0.8 0)
(1.82 0.8 0)
(1.86 0.8 0)
(1.9 0.8 0)
(1.94 0.8 0)
(1.98 0.8 0)
(2.02 0.8 0)
(2.06 0.8 0)
(2.1 0.8 0)
(2.14 0.8 0)
(2.18 0.8 0)
(2.22 0.8 0)
(2.26 0.8 0)
(2.3 0.8 0)
(2.34 0.8 0)
(2.38 0.8 0)
(2.42 0.8 0)
(2.46 0.8 0)
(2.5 0.8 0)
(1.54 0.2 -0.005)
(1.58 0.2 -0.005)
(1.62 0.2 -0.005)
(1.66 0.2 -0.005)
(1.7 0.2 -0.005)
(1.74 0.2 -0.005)
(1.78 0.2 -0.005)
(1.82 0.2 -0.005)
(1.86 0.2 -0.005)
(1.9 0.2 -0.005)
(1.94 0.2 -0.005)
(1.98 0.2 -0.005)
(2.02 0.2 -0.005)
(2.06 0.2 -0.005)
(2.1 0.2 -0.005)
(2.14 0.2 -0.005)
(2.18 0.2 -0.005)
(2.22 0.2 -0.005)
(2.26 0.2 -0.005)
(2.3 0.2 -0.005)
(2.34 0.2 -0.005)
(2.38 0.2 -0.005)
(2.42 0.2 -0.005)
(2.46 0.2 -0.005)
(2.5 0.2 -0.005)
(1.54 0.24 -0.005)
(1.58 0.24 -0.005)
(1.62 0.24 -0.005)
(1.66 0.24 -0.005)
(1.7 0.24 -0.005)
(1.74 0.24 -0.005)
(1.78 0.24 -0.005)
(1.82 0.24 -0.005)
(1.86 0.24 -0.005)
(1.9 0.24 -0.005)
(1.94 0.24 -0.005)
(1.98 0.24 -0.005)
(2.02 0.24 -0.005)
(2.06 0.24 -0.005)
(2.1 0.24 -0.005)
(2.14 0.24 -0.005)
(2.18 0.24 -0.005)
(2.22 0.24 -0.005)
(2.26 0.24 -0.005)
(2.3 0.24 -0.005)
(2.34 0.24 -0.005)
(2.38 0.24 -0.005)
(2.42 0.24 -0.005)
(2.46 0.24 -0.005)
(2.5 0.24 -0.005)
(1.54 0.28 -0.005)
(1.58 0.28 -0.005)
(1.62 0.28 -0.005)
(1.66 0.28 -0.005)
(1.7 0.28 -0.005)
(1.74 0.28 -0.005)
(1.78 0.28 -0.005)
(1.82 0.28 -0.005)
(1.86 0.28 -0.005)
(1.9 0.28 -0.005)
(1.94 0.28 -0.005)
(1.98 0.28 -0.005)
(2.02 0.28 -0.005)
(2.06 0.28 -0.005)
(2.1 0.28 -0.005)
(2.14 0.28 -0.005)
(2.18 0.28 -0.005)
(2.22 0.28 -0.005)
(2.26 0.28 -0.005)
(2.3 0.28 -0.005)
(2.34 0.28 -0.005)
(2.38 0.28 -0.005)
(2.42 0.28 -0.005)
(2.46 0.28 -0.005)
(2.5 0.28 -0.005)
(1.54 0.32 -0.005)
(1.58 0.32 -0.005)
(1.62 0.32 -0.005)
(1.66 0.32 -0.005)
(1.7 0.32 -0.005)
(1.74 0.32 -0.005)
(1.78 0.32 -0.005)
(1.82 0.32 -0.005)
(1.86 0.32 -0.005)
(1.9 0.32 -0.005)
(1.94 0.32 -0.005)
(1.98 0.32 -0.005)
(2.02 0.32 -0.005)
(2.06 0.32 -0.005)
(2.1 0.32 -0.005)
(2.14 0.32 -0.005)
(2.18 0.32 -0.005)
(2.22 0.32 -0.005)
(2.26 0.32 -0.005)
(2.3 0.32 -0.005)
(2.34 0.32 -0.005)
(2.38 0.32 -0.005)
(2.42 0.32 -0.005)
(2.46 0.32 -0.005)
(2.5 0.32 -0.005)
(1.54 0.36 -0.005)
(1.58 0.36 -0.005)
(1.62 0.36 -0.005)
(1.66 0.36 -0.005)
(1.7 0.36 -0.005)
(1.74 0.36 -0.005)
(1.78 0.36 -0.005)
(1.82 0.36 -0.005)
(1.86 0.36 -0.005)
(1.9 0.36 -0.005)
(1.94 0.36 -0.005)
(1.98 0.36 -0.005)
(2.02 0.36 -0.005)
(2.06 0.36 -0.005)
(2.1 0.36 -0.005)
(2.14 0.36 -0.005)
(2.18 0.36 -0.005)
(2.22 0.36 -0.005)
(2.26 0.36 -0.005)
(2.3 0.36 -0.005)
(2.34 0.36 -0.005)
(2.38 0.36 -0.005)
(2.42 0.36 -0.005)
(2.46 0.36 -0.005)
(2.5 0.36 -0.005)
(1.54 0.2 0)
(1.58 0.2 0)
(1.62 0.2 0)
(1.66 0.2 0)
(1.7 0.2 0)
(1.74 0.2 0)
(1.78 0.2 0)
(1.82 0.2 0)
(1.86 0.2 0)
(1.9 0.2 0)
(1.94 0.2 0)
(1.98 0.2 0)
(2.02 0.2 0)
(2.06 0.2 0)
(2.1 0.2 0)
(2.14 0.2 0)
(2.18 0.2 0)
(2.22 0.2 0)
(2.26 0.2 0)
(2.3 0.2 0)
(2.34 0.2 0)
(2.38 0.2 0)
(2.42 0.2 0)
(2.46 0.2 0)
(2.5 0.2 0)
(1.54 0.24 0)
(1.58 0.24 0)
(1.62 0.24 0)
(1.66 0.24 0)
(1.7 0.24 0)
(1.74 0.24 0)
(1.78 0.24 0)
(1.82 0.24 0)
(1.86 0.24 0)
(1.9 0.24 0)
(1.94 0.24 0)
(1.98 0.24 0)
(2.02 0.24 0)
(2.06 0.24 0)
(2.1 0.24 0)
(2.14 0.24 0)
(2.18 0.24 0)
(2.22 0.24 0)
(2.26 0.24 0)
(2.3 0.24 0)
(2.34 0.24 0)
(2.38 0.24 0)
(2.42 0.24 0)
(2.46 0.24 0)
(2.5 0.24 0)
(1.54 0.28 0)
(1.58 0.28 0)
(1.62 0.28 0)
(1.66 0.28 0)
(1.7 0.28 0)
(1.74 0.28 0)
(1.78 0.28 0)
(1.82 0.28 0)
(1.86 0.28 0)
(1.9 0.28 0)
(1.94 0.28 0)
(1.98 0.28 0)
(2.02 0.28 0)
(2.06 0.28 0)
(2.1 0.28 0)
(2.14 0.28 0)
(2.18 0.28 0)
(2.22 0.28 0)
(2.26 0.28 0)
(2.3 0.28 0)
(2.34 0.28 0)
(2.38 0.28 0)
(2.42 0.28 0)
(2.46 0.28 0)
(2.5 0.28 0)
(1.54 0.32 0)
(1.58 0.32 0)
(1.62 0.32 0)
(1.66 0.32 0)
(1.7 0.32 0)
(1.74 0.32 0)
(1.78 0.32 0)
(1.82 0.32 0)
(1.86 0.32 0)
(1.9 0.32 0)
(1.94 0.32 0)
(1.98 0.32 0)
(2.02 0.32 0)
(2.06 0.32 0)
(2.1 0.32 0)
(2.14 0.32 0)
(2.18 0.32 0)
(2.22 0.32 0)
(2.26 0.32 0)
(2.3 0.32 0)
(2.34 0.32 0)
(2.38 0.32 0)
(2.42 0.32 0)
(2.46 0.32 0)
(2.5 0.32 0)
(1.54 0.36 0)
(1.58 0.36 0)
(1.62 0.36 0)
(1.66 0.36 0)
(1.7 0.36 0)
(1.74 0.36 0)
(1.78 0.36 0)
(1.82 0.36 0)
(1.86 0.36 0)
(1.9 0.36 0)
(1.94 0.36 0)
(1.98 0.36 0)
(2.02 0.36 0)
(2.06 0.36 0)
(2.1 0.36 0)
(2.14 0.36 0)
(2.18 0.36 0)
(2.22 0.36 0)
(2.26 0.36 0)
(2.3 0.36 0)
(2.34 0.36 0)
(2.38 0.36 0)
(2.42 0.36 0)
(2.46 0.36 0)
(2.5 0.36 0)
(1.5 0 -0.005)
(1.54 0 -0.005)
(1.58 0 -0.005)
(1.62 0 -0.005)
(1.66 0 -0.005)
(1.7 0 -0.005)
(1.74 0 -0.005)
(1.78 0 -0.005)
(1.82 0 -0.005)
(1.86 0 -0.005)
(1.9 0 -0.005)
(1.94 0 -0.005)
(1.98 0 -0.005)
(2.02 0 -0.005)
(2.06 0 -0.005)
(2.1 0 -0.005)
(2.14 0 -0.005)
(2.18 0 -0.005)
(2.22 0 -0.005)
(2.26 0 -0.005)
(2.3 0 -0.005)
(2.34 0 -0.005)
(2.38 0 -0.005)
(2.42 0 -0.005)
(2.46 0 -0.005)
(2.5 0 -0.005)
(1.5 0.04 -0.005)
(1.54 0.04 -0.005)
(1.58 0.04 -0.005)
(1.62 0.04 -0.005)
(1.66 0.04 -0.005)
(1.7 0.04 -0.005)
(1.74 0.04 -0.005)
(1.78 0.04 -0.005)
(1.82 0.04 -0.005)
(1.86 0.04 -0.005)
(1.9 0.04 -0.005)
(1.94 0.04 -0.005)
(1.98 0.04 -0.005)
(2.02 0.04 -0.005)
(2.06 0.04 -0.005)
(2.1 0.04 -0.005)
(2.14 0.04 -0.005)
(2.18 0.04 -0.005)
(2.22 0.04 -0.005)
(2.26 0.04 -0.005)
(2.3 0.04 -0.005)
(2.34 0.04 -0.005)
(2.38 0.04 -0.005)
(2.42 0.04 -0.005)
(2.46 0.04 -0.005)
(2.5 0.04 -0.005)
(1.5 0.08 -0.005)
(1.54 0.08 -0.005)
(1.58 0.08 -0.005)
(1.62 0.08 -0.005)
(1.66 0.08 -0.005)
(1.7 0.08 -0.005)
(1.74 0.08 -0.005)
(1.78 0.08 -0.005)
(1.82 0.08 -0.005)
(1.86 0.08 -0.005)
(1.9 0.08 -0.005)
(1.94 0.08 -0.005)
(1.98 0.08 -0.005)
(2.02 0.08 -0.005)
(2.06 0.08 -0.005)
(2.1 0.08 -0.005)
(2.14 0.08 -0.005)
(2.18 0.08 -0.005)
(2.22 0.08 -0.005)
(2.26 0.08 -0.005)
(2.3 0.08 -0.005)
(2.34 0.08 -0.005)
(2.38 0.08 -0.005)
(2.42 0.08 -0.005)
(2.46 0.08 -0.005)
(2.5 0.08 -0.005)
(1.5 0.12 -0.005)
(1.54 0.12 -0.005)
(1.58 0.12 -0.005)
(1.62 0.12 -0.005)
(1.66 0.12 -0.005)
(1.7 0.12 -0.005)
(1.74 0.12 -0.005)
(1.78 0.12 -0.005)
(1.82 0.12 -0.005)
(1.86 0.12 -0.005)
(1.9 0.12 -0.005)
(1.94 0.12 -0.005)
(1.98 0.12 -0.005)
(2.02 0.12 -0.005)
(2.06 0.12 -0.005)
(2.1 0.12 -0.005)
(2.14 0.12 -0.005)
(2.18 0.12 -0.005)
(2.22 0.12 -0.005)
(2.26 0.12 -0.005)
(2.3 0.12 -0.005)
(2.34 0.12 -0.005)
(2.38 0.12 -0.005)
(2.42 0.12 -0.005)
(2.46 0.12 -0.005)
(2.5 0.12 -0.005)
(1.5 0.16 -0.005)
(1.54 0.16 -0.005)
(1.58 0.16 -0.005)
(1.62 0.16 -0.005)
(1.66 0.16 -0.005)
(1.7 0.16 -0.005)
(1.74 0.16 -0.005)
(1.78 0.16 -0.005)
(1.82 0.16 -0.005)
(1.86 0.16 -0.005)
(1.9 0.16 -0.005)
(1.94 0.16 -0.005)
(1.98 0.16 -0.005)
(2.02 0.16 -0.005)
(2.06 0.16 -0.005)
(2.1 0.16 -0.005)
(2.14 0.16 -0.005)
(2.18 0.16 -0.005)
(2.22 0.16 -0.005)
(2.26 0.16 -0.005)
(2.3 0.16 -0.005)
(2.34 0.16 -0.005)
(2.38 0.16 -0.005)
(2.42 0.16 -0.005)
(2.46 0.16 -0.005)
(2.5 0.16 -0.005)
(1.5 0 0)
(1.54 0 0)
(1.58 0 0)
(1.62 0 0)
(1.66 0 0)
(1.7 0 0)
(1.74 0 0)
(1.78 0 0)
(1.82 0 0)
(1.86 0 0)
(1.9 0 0)
(1.94 0 0)
(1.98 0 0)
(2.02 0 0)
(2.06 0 0)
(2.1 0 0)
(2.14 0 0)
(2.18 0 0)
(2.22 0 0)
(2.26 0 0)
(2.3 0 0)
(2.34 0 0)
(2.38 0 0)
(2.42 0 0)
(2.46 0 0)
(2.5 0 0)
(1.5 0.04 0)
(1.54 0.04 0)
(1.58 0.04 0)
(1.62 0.04 0)
(1.66 0.04 0)
(1.7 0.04 0)
(1.74 0.04 0)
(1.78 0.04 0)
(1.82 0.04 0)
(1.86 0.04 0)
(1.9 0.04 0)
(1.94 0.04 0)
(1.98 0.04 0)
(2.02 0.04 0)
(2.06 0.04 0)
(2.1 0.04 0)
(2.14 0.04 0)
(2.18 0.04 0)
(2.22 0.04 0)
(2.26 0.04 0)
(2.3 0.04 0)
(2.34 0.04 0)
(2.38 0.04 0)
(2.42 0.04 0)
(2.46 0.04 0)
(2.5 0.04 0)
(1.5 0.08 0)
(1.54 0.08 0)
(1.58 0.08 0)
(1.62 0.08 0)
(1.66 0.08 0)
(1.7 0.08 0)
(1.74 0.08 0)
(1.78 0.08 0)
(1.82 0.08 0)
(1.86 0.08 0)
(1.9 0.08 0)
(1.94 0.08 0)
(1.98 0.08 0)
(2.02 0.08 0)
(2.06 0.08 0)
(2.1 0.08 0)
(2.14 0.08 0)
(2.18 0.08 0)
(2.22 0.08 0)
(2.26 0.08 0)
(2.3 0.08 0)
(2.34 0.08 0)
(2.38 0.08 0)
(2.42 0.08 0)
(2.46 0.08 0)
(2.5 0.08 0)
(1.5 0.12 0)
(1.54 0.12 0)
(1.58 0.12 0)
(1.62 0.12 0)
(1.66 0.12 0)
(1.7 0.12 0)
(1.74 0.12 0)
(1.78 0.12 0)
(1.82 0.12 0)
(1.86 0.12 0)
(1.9 0.12 0)
(1.94 0.12 0)
(1.98 0.12 0)
(2.02 0.12 0)
(2.06 0.12 0)
(2.1 0.12 0)
(2.14 0.12 0)
(2.18 0.12 0)
(2.22 0.12 0)
(2.26 0.12 0)
(2.3 0.12 0)
(2.34 0.12 0)
(2.38 0.12 0)
(2.42 0.12 0)
(2.46 0.12 0)
(2.5 0.12 0)
(1.5 0.16 0)
(1.54 0.16 0)
(1.58 0.16 0)
(1.62 0.16 0)
(1.66 0.16 0)
(1.7 0.16 0)
(1.74 0.16 0)
(1.78 0.16 0)
(1.82 0.16 0)
(1.86 0.16 0)
(1.9 0.16 0)
(1.94 0.16 0)
(1.98 0.16 0)
(2.02 0.16 0)
(2.06 0.16 0)
(2.1 0.16 0)
(2.14 0.16 0)
(2.18 0.16 0)
(2.22 0.16 0)
(2.26 0.16 0)
(2.3 0.16 0)
(2.34 0.16 0)
(2.38 0.16 0)
(2.42 0.16 0)
(2.46 0.16 0)
(2.5 0.16 0)
)


// ************************************************************************* //
